6333
477973 0
839241 1
1014923 2
549302 3
1603008 4
1603558 5
435483 6
61172 7
1479693 8
668622 9
1248771 10
420620 11
922164 12
458333 13
1383031 14
695849 15
602356 16
358647 17
1165184 18
486803 19
766563 20
88711 21
1708423 22
51847 23
1166984 24
349031 25
430700 26
566365 27
669563 28
221967 29
781758 30
150602 31
24886 32
1134275 33
1671236 34
1660602 35
995132 36
1357528 37
1591020 38
889190 39
901318 40
1441217 41
703715 42
554379 43
488561 44
669302 45
874608 46
81758 47
885878 48
1440928 49
41283 50
373845 51
182064 52
650496 53
37792 54
164418 55
211225 56
1340449 57
151551 58
271089 59
1163852 60
1100323 61
536949 62
742338 63
844539 64
38899 65
58216 66
1110181 67
1508873 68
268143 69
87967 70
384808 71
664035 72
1257617 73
1491532 74
1267937 75
892255 76
54172 77
981918 78
89966 79
954467 80
530629 81
644797 82
186617 83
248909 84
1068068 85
1108138 86
1141412 87
340297 88
1141417 89
1703516 90
1115166 91
797211 92
1090051 93
1019644 94
519511 95
1298857 96
1698140 97
959366 98
1373609 99
1613924 100
1269577 101
947646 102
110631 103
1009141 104
1051747 105
1312368 106
889602 107
561655 108
383586 109
1444359 110
180287 111
1455239 112
1111667 113
1094829 114
595583 115
373060 116
1038605 117
714676 118
1551612 119
1032100 120
1156307 121
77759 122
921379 123
1375523 124
679912 125
321246 126
1486312 127
1190313 128
1385015 129
32223 130
1528828 131
1690111 132
1170222 133
807333 134
1195564 135
1001758 136
1568992 137
926472 138
4620 139
1121037 140
736792 141
852454 142
551646 143
623151 144
715677 145
623406 146
1321233 147
1263302 148
451736 149
1474661 150
536112 151
1057747 152
534843 153
879399 154
704435 155
1695901 156
289302 157
36309 158
925876 159
665307 160
1520564 161
1681856 162
1109963 163
456639 164
800253 165
79375 166
1620784 167
325110 168
1173796 169
1563987 170
1154893 171
948296 172
1528488 173
402590 174
70342 175
621004 176
850358 177
1294246 178
1300276 179
1329854 180
1235952 181
1112432 182
363264 183
583137 184
271411 185
1091222 186
1362691 187
465748 188
1397558 189
543045 190
242319 191
346381 192
771696 193
1617018 194
1541077 195
822876 196
1385429 197
1103936 198
793212 199
516366 200
793217 201
207673 202
503536 203
1669394 204
751707 205
1257869 206
394601 207
169920 208
1583277 209
921411 210
31579 211
1461538 212
258009 213
1336653 214
32866 215
612705 216
823618 217
730496 218
1430009 219
1312199 220
675916 221
888765 222
1303198 223
1313715 224
616289 225
859345 226
1273281 227
1155139 228
590436 229
1417107 230
647402 231
897543 232
1064935 233
181813 234
691011 235
813735 236
486791 237
888492 238
1289280 239
151979 240
1603683 241
74039 242
1010573 243
869229 244
262012 245
559642 246
231103 247
1487235 248
1373033 249
475840 250
956617 251
1690637 252
1168170 253
586350 254
430729 255
333161 256
975484 257
376332 258
1395812 259
654701 260
491704 261
1023519 262
313770 263
1433006 264
1175570 265
2514 266
167267 267
454319 268
452412 269
1109753 270
618398 271
1679260 272
674094 273
1614463 274
197470 275
1613750 276
923459 277
160275 278
1494498 279
917885 280
380616 281
60462 282
162698 283
478411 284
102888 285
1164709 286
1686428 287
18890 288
1053308 289
1234436 290
360813 291
969142 292
1498879 293
477349 294
874953 295
671969 296
1188658 297
1126803 298
549919 299
1123279 300
363100 301
1463564 302
543456 303
472485 304
1068188 305
1592099 306
347732 307
881859 308
1405116 309
699745 310
699741 311
718426 312
351115 313
876705 314
946467 315
1208462 316
1620959 317
429331 318
1522365 319
1162707 320
109467 321
983191 322
746187 323
1709893 324
922936 325
738655 326
72278 327
1284132 328
1365908 329
1182888 330
476900 331
1701985 332
859568 333
1089189 334
133814 335
1111703 336
850165 337
302291 338
66567 339
1275392 340
1021026 341
992832 342
1323316 343
88728 344
1611552 345
1626645 346
1383457 347
1677211 348
240808 349
872752 350
1557256 351
615706 352
1241125 353
212587 354
1383631 355
22037 356
1352903 357
697528 358
852618 359
852619 360
1228747 361
684370 362
1525071 363
1525073 364
1218736 365
1462553 366
872131 367
687570 368
1708856 369
842586 370
1378903 371
334663 372
1283646 373
796480 374
101042 375
1205225 376
862933 377
130233 378
348722 379
436955 380
581418 381
300591 382
879622 383
154334 384
422789 385
791592 386
1623069 387
1429452 388
1457845 389
1239251 390
1066379 391
1020613 392
826956 393
560675 394
1091937 395
1419189 396
878398 397
422430 398
70583 399
821638 400
1343108 401
749534 402
749537 403
636504 404
1152294 405
806192 406
487695 407
1154980 408
827196 409
1180813 410
1431361 411
677625 412
1139091 413
1353357 414
1572038 415
749983 416
416773 417
435863 418
197640 419
798750 420
719436 421
788747 422
73518 423
1107022 424
263032 425
19814 426
395689 427
779043 428
1486657 429
62126 430
862658 431
170119 432
946857 433
672112 434
1363362 435
144629 436
1133826 437
1133396 438
228902 439
573421 440
573422 441
634285 442
1144581 443
330496 444
1420192 445
375481 446
767894 447
521391 448
1637081 449
1271399 450
1479300 451
318516 452
1426935 453
1479304 454
979132 455
573390 456
87438 457
8195 458
1150982 459
921167 460
1218503 461
61246 462
1383840 463
1338453 464
209644 465
631418 466
1190299 467
869248 468
647520 469
345364 470
652663 471
494960 472
1567308 473
842137 474
6759 475
1061298 476
1231427 477
807109 478
286580 479
96601 480
1248397 481
1021810 482
139686 483
1489957 484
754609 485
158347 486
754354 487
261784 488
664346 489
1519708 490
827943 491
1429681 492
154103 493
1679798 494
160074 495
65549 496
313752 497
521880 498
1112623 499
521889 500
1049525 501
309094 502
414382 503
141471 504
979857 505
167246 506
1344815 507
265578 508
1624292 509
1604386 510
1229029 511
923478 512
1372836 513
186245 514
668695 515
942627 516
133520 517
1196923 518
442902 519
1042127 520
788358 521
599633 522
985079 523
547758 524
1310144 525
1124245 526
427527 527
1467443 528
722696 529
707872 530
582368 531
894599 532
1106961 533
1678110 534
659745 535
1141185 536
756582 537
380095 538
651764 539
1578273 540
129143 541
565565 542
1546026 543
857955 544
1554886 545
1691350 546
368361 547
388639 548
1261567 549
1233100 550
1365926 551
1520276 552
822719 553
1043740 554
1481362 555
341873 556
717487 557
1178677 558
1427415 559
1385381 560
1674447 561
66238 562
1619753 563
595632 564
711628 565
1141329 566
66547 567
355086 568
158116 569
1433590 570
189630 571
1433849 572
1201431 573
397995 574
615722 575
811253 576
1597049 577
475474 578
726519 579
1690809 580
452196 581
796073 582
1655587 583
1322933 584
1060021 585
1522267 586
1635022 587
1332351 588
1703110 589
1065307 590
1249877 591
1258778 592
1249695 593
449597 594
266491 595
412712 596
277133 597
526397 598
1136758 599
929659 600
222513 601
60272 602
575929 603
100918 604
446534 605
145036 606
657331 607
657338 608
71363 609
707262 610
1446934 611
1556902 612
348703 613
1508480 614
656828 615
1359208 616
146601 617
1289095 618
444974 619
758068 620
1170913 621
722065 622
1210273 623
485320 624
1692229 625
1631640 626
800217 627
1530063 628
1454553 629
1163405 630
568069 631
1298774 632
1298773 633
1317280 634
197204 635
969643 636
371874 637
1425961 638
53231 639
1300232 640
1419515 641
836 642
37438 643
1073960 644
878916 645
764865 646
165559 647
274622 648
346030 649
1178804 650
601771 651
991998 652
1547251 653
920217 654
781291 655
391321 656
690012 657
690013 658
414971 659
1225547 660
1062508 661
648051 662
1259747 663
856491 664
1259743 665
814527 666
1372037 667
573742 668
565732 669
650761 670
705246 671
954030 672
411298 673
122208 674
744527 675
529419 676
67557 677
31538 678
825430 679
758661 680
1662124 681
288703 682
729182 683
474601 684
1251174 685
585697 686
822833 687
1279826 688
883200 689
547252 690
1394767 691
1394811 692
1219384 693
722844 694
913060 695
82178 696
15305 697
1527070 698
924466 699
417660 700
3910 701
1641357 702
8311 703
738537 704
1558979 705
272998 706
608970 707
1497188 708
889581 709
448871 710
50156 711
358657 712
180107 713
1018059 714
989606 715
897492 716
1419281 717
1419286 718
942680 719
1622276 720
1663477 721
81156 722
1000102 723
119803 724
334473 725
1175758 726
372583 727
46087 728
1505390 729
1456815 730
346931 731
923278 732
697287 733
784500 734
1186314 735
1591083 736
861002 737
172660 738
1175536 739
1537678 740
315360 741
457715 742
1142375 743
1537907 744
1254038 745
98885 746
323616 747
790542 748
832545 749
567073 750
839952 751
1577472 752
130004 753
36750 754
481180 755
311452 756
973541 757
1650438 758
668675 759
522804 760
1480160 761
1327292 762
289135 763
586862 764
1364389 765
1126841 766
1524172 767
501201 768
1548705 769
1145685 770
1637839 771
1678178 772
1539426 773
482560 774
169775 775
37446 776
1067016 777
918669 778
1356318 779
1135357 780
910410 781
1398704 782
1156301 783
1606441 784
879126 785
25726 786
512349 787
1052346 788
759458 789
59500 790
771796 791
1673805 792
1443451 793
231796 794
1554054 795
1237735 796
604732 797
1711778 798
1475118 799
851052 800
416104 801
68846 802
1703152 803
866151 804
491932 805
1402300 806
183642 807
1095798 808
307029 809
793575 810
1448293 811
1688006 812
1317762 813
954773 814
91373 815
410887 816
1019227 817
1706942 818
1464770 819
609130 820
1464776 821
258252 822
11262 823
1283682 824
373517 825
373513 826
222534 827
832041 828
740896 829
290428 830
1146227 831
652142 832
693115 833
594299 834
497302 835
348273 836
1110913 837
488641 838
824173 839
614906 840
514564 841
1298432 842
566284 843
845400 844
680834 845
761989 846
561947 847
1585513 848
156325 849
1217820 850
162533 851
7909 852
3740 853
1246042 854
693566 855
450382 856
731282 857
436334 858
1482476 859
1301430 860
1301433 861
703095 862
654662 863
1674122 864
701034 865
1342090 866
247388 867
1021527 868
63297 869
827487 870
152236 871
267318 872
236083 873
188895 874
209021 875
605742 876
459547 877
184961 878
509888 879
1674878 880
1111192 881
313224 882
1547720 883
1611560 884
1342671 885
1654943 886
408451 887
1179735 888
653634 889
1464211 890
178516 891
1409168 892
808480 893
1035037 894
570278 895
1027664 896
1263629 897
704018 898
993572 899
1080180 900
987265 901
336809 902
1127247 903
547272 904
355630 905
1209903 906
1498032 907
698930 908
374537 909
482734 910
1271353 911
1161026 912
692765 913
725305 914
1689038 915
286754 916
356722 917
425297 918
87471 919
614682 920
1465163 921
929318 922
733611 923
816942 924
178776 925
318401 926
335291 927
1019034 928
1177016 929
406429 930
234102 931
32894 932
922472 933
952113 934
952114 935
866595 936
1549097 937
869282 938
73972 939
56437 940
1711189 941
999203 942
372333 943
1236472 944
1270085 945
978220 946
1021857 947
333235 948
346876 949
22157 950
1453649 951
664384 952
1659131 953
580996 954
1482288 955
880797 956
1270552 957
1355217 958
1441671 959
956143 960
872055 961
807728 962
190869 963
24803 964
1205530 965
1316994 966
73207 967
852353 968
1696235 969
358273 970
1572357 971
724893 972
1415494 973
488253 974
488251 975
96647 976
292559 977
1360289 978
923436 979
519931 980
821882 981
973568 982
1664164 983
467743 984
102827 985
1495871 986
702088 987
1290229 988
1367391 989
390590 990
1631565 991
332117 992
203787 993
1106696 994
260162 995
210244 996
482502 997
48035 998
761664 999
1381137 1000
682556 1001
462293 1002
1067072 1003
603088 1004
661490 1005
568567 1006
418693 1007
1139136 1008
935443 1009
1025176 1010
1025175 1011
1052415 1012
1314208 1013
364799 1014
1298253 1015
1581024 1016
1141142 1017
1119960 1018
1279782 1019
67279 1020
1626835 1021
831981 1022
1108192 1023
1204994 1024
663656 1025
1541372 1026
483638 1027
862778 1028
487702 1029
1638749 1030
493563 1031
1237955 1032
1065694 1033
1369559 1034
1655896 1035
1313267 1036
815680 1037
1319240 1038
1261384 1039
950987 1040
38204 1041
1706637 1042
1468249 1043
796272 1044
567385 1045
921669 1046
172478 1047
1230941 1048
1364689 1049
245142 1050
1502598 1051
1150806 1052
25329 1053
1113489 1054
696325 1055
340043 1056
693131 1057
253303 1058
452131 1059
489064 1060
913745 1061
127210 1062
624681 1063
469596 1064
424404 1065
326187 1066
1066640 1067
167871 1068
1487166 1069
361054 1070
277090 1071
458168 1072
1185822 1073
561962 1074
836656 1075
312387 1076
1650065 1077
95479 1078
967518 1079
63762 1080
247013 1081
816626 1082
1622930 1083
1132774 1084
1189845 1085
895704 1086
1626224 1087
1609188 1088
152746 1089
1154921 1090
182320 1091
767485 1092
1551702 1093
485947 1094
844785 1095
664039 1096
1619666 1097
708799 1098
1317799 1099
1216645 1100
1559698 1101
558349 1102
821695 1103
427575 1104
1330882 1105
820127 1106
1067440 1107
728891 1108
1028044 1109
945794 1110
1096231 1111
1695909 1112
408477 1113
1565198 1114
962919 1115
164261 1116
186866 1117
78529 1118
33930 1119
908299 1120
826267 1121
521622 1122
282863 1123
36051 1124
504890 1125
495460 1126
1106488 1127
1031844 1128
1490144 1129
584385 1130
126094 1131
860945 1132
860947 1133
860942 1134
1367640 1135
1274258 1136
1026995 1137
1112223 1138
1641701 1139
855015 1140
1699066 1141
789058 1142
415660 1143
863369 1144
1697851 1145
853883 1146
112232 1147
1688904 1148
1034659 1149
319510 1150
15430 1151
995483 1152
120615 1153
644292 1154
444458 1155
992935 1156
50803 1157
444454 1158
928868 1159
1337164 1160
1051601 1161
117723 1162
1280182 1163
457344 1164
1241284 1165
1107193 1166
650856 1167
1499760 1168
1451754 1169
1428646 1170
1473386 1171
1509769 1172
1285691 1173
350794 1174
919855 1175
897351 1176
465044 1177
1091228 1178
807251 1179
1503842 1180
1101599 1181
1585498 1182
683378 1183
1241630 1184
1636302 1185
1133168 1186
672610 1187
1582855 1188
714377 1189
19220 1190
369853 1191
1608119 1192
141981 1193
1512505 1194
1429512 1195
1363935 1196
904809 1197
420971 1198
753317 1199
148343 1200
1450152 1201
1319862 1202
1223536 1203
481493 1204
700556 1205
62823 1206
1631549 1207
879128 1208
1631099 1209
201900 1210
153354 1211
386789 1212
762305 1213
982991 1214
148690 1215
1256132 1216
265519 1217
1341933 1218
29214 1219
1470861 1220
845757 1221
1697627 1222
833104 1223
1320285 1224
584973 1225
960669 1226
940174 1227
845280 1228
1524541 1229
1647075 1230
1208609 1231
919683 1232
548736 1233
692350 1234
1661661 1235
531994 1236
1336436 1237
541858 1238
804619 1239
917226 1240
1380797 1241
1039155 1242
1382860 1243
1696868 1244
1094008 1245
175823 1246
1315792 1247
1389413 1248
813963 1249
913905 1250
1406425 1251
388033 1252
151582 1253
752735 1254
1206929 1255
483738 1256
1068442 1257
907051 1258
34022 1259
1262810 1260
847594 1261
954732 1262
1188096 1263
973008 1264
431139 1265
31308 1266
1136272 1267
1261101 1268
747766 1269
181426 1270
727995 1271
1061137 1272
1622006 1273
1677438 1274
1682839 1275
1034848 1276
702322 1277
196284 1278
155352 1279
82304 1280
65935 1281
163814 1282
776365 1283
929502 1284
404498 1285
96566 1286
766339 1287
74281 1288
509319 1289
1324378 1290
550421 1291
366726 1292
366724 1293
922626 1294
535991 1295
855675 1296
764795 1297
153631 1298
901446 1299
159290 1300
281977 1301
292633 1302
1483296 1303
121209 1304
671422 1305
853783 1306
348491 1307
302456 1308
1422206 1309
424289 1310
713321 1311
535191 1312
745487 1313
320685 1314
1157456 1315
270653 1316
63831 1317
658995 1318
448007 1319
854789 1320
329273 1321
1167031 1322
211618 1323
911261 1324
884201 1325
1072501 1326
1070588 1327
307793 1328
1382301 1329
1410962 1330
426283 1331
1581861 1332
1600560 1333
38362 1334
660195 1335
379214 1336
710352 1337
175104 1338
1326848 1339
272148 1340
113216 1341
1621853 1342
1234510 1343
1439494 1344
1319013 1345
1361747 1346
1581966 1347
1257882 1348
830843 1349
1024949 1350
826245 1351
83227 1352
1091282 1353
1091280 1354
1087416 1355
1205529 1356
432563 1357
826424 1358
357489 1359
1212898 1360
648615 1361
475161 1362
1532733 1363
576993 1364
917692 1365
1010938 1366
913598 1367
529923 1368
498746 1369
195960 1370
1389333 1371
1101956 1372
402721 1373
643596 1374
1502477 1375
1674525 1376
957855 1377
39303 1378
148916 1379
1181918 1380
667354 1381
1323724 1382
1011685 1383
1510201 1384
259806 1385
1465874 1386
1122718 1387
1425401 1388
912179 1389
1470609 1390
673106 1391
468895 1392
378139 1393
508087 1394
1273222 1395
631328 1396
460536 1397
1685126 1398
1453608 1399
912318 1400
1111430 1401
334412 1402
969455 1403
1270598 1404
1526769 1405
642643 1406
4000 1407
577480 1408
526255 1409
956108 1410
625270 1411
688695 1412
925420 1413
1339769 1414
75816 1415
98790 1416
985959 1417
942443 1418
1411823 1419
327432 1420
153181 1421
680197 1422
581823 1423
839312 1424
1424917 1425
970871 1426
999602 1427
614881 1428
780157 1429
4472 1430
1496691 1431
891838 1432
668341 1433
251750 1434
1240691 1435
1156193 1436
1305325 1437
1150698 1438
909476 1439
1620840 1440
1506962 1441
469213 1442
1013308 1443
1173855 1444
872296 1445
162722 1446
841604 1447
1076618 1448
520033 1449
658290 1450
997178 1451
906071 1452
1676840 1453
441982 1454
1444774 1455
236709 1456
898325 1457
922996 1458
307941 1459
607955 1460
1332722 1461
1642689 1462
920591 1463
226036 1464
715726 1465
487568 1466
456916 1467
1341911 1468
346511 1469
243364 1470
457134 1471
1491425 1472
1711863 1473
1506030 1474
1003456 1475
1443695 1476
335392 1477
18298 1478
690243 1479
3360 1480
1162056 1481
1334606 1482
529555 1483
1161505 1484
934973 1485
553447 1486
395810 1487
1100386 1488
183519 1489
361250 1490
1181705 1491
1044298 1492
289755 1493
598303 1494
1248344 1495
1493817 1496
225071 1497
1302945 1498
25921 1499
1304724 1500
1550129 1501
1033324 1502
304330 1503
1645298 1504
359002 1505
842650 1506
1625795 1507
1313328 1508
1376635 1509
1013531 1510
515416 1511
117469 1512
1608540 1513
530985 1514
1137124 1515
535973 1516
1622681 1517
899102 1518
1189882 1519
1551299 1520
176120 1521
424910 1522
424911 1523
759996 1524
261136 1525
1508401 1526
454218 1527
1216932 1528
1393724 1529
905763 1530
1548466 1531
1595665 1532
686574 1533
923559 1534
870081 1535
1241402 1536
1138169 1537
773716 1538
290874 1539
1523587 1540
892685 1541
837129 1542
268714 1543
31459 1544
122750 1545
1485900 1546
966242 1547
1123878 1548
935832 1549
1563674 1550
884486 1551
659000 1552
112417 1553
1022301 1554
343102 1555
1150064 1556
1192235 1557
1702202 1558
1398511 1559
1639314 1560
1686905 1561
808139 1562
635966 1563
1207610 1564
608614 1565
218787 1566
883281 1567
1071750 1568
471305 1569
961812 1570
499713 1571
76563 1572
109725 1573
747950 1574
1596586 1575
1349173 1576
1152836 1577
385963 1578
1621306 1579
676173 1580
242576 1581
319772 1582
395487 1583
590307 1584
144535 1585
1428358 1586
1669714 1587
1465816 1588
77385 1589
1593151 1590
67914 1591
889502 1592
1227257 1593
1059869 1594
1359878 1595
457307 1596
468872 1597
1122210 1598
1634020 1599
1634736 1600
1459547 1601
1037347 1602
1041743 1603
939584 1604
646797 1605
782451 1606
1587398 1607
26372 1608
1695710 1609
572181 1610
1345302 1611
1078252 1612
1283769 1613
521226 1614
1074583 1615
1528964 1616
1576430 1617
1283767 1618
503803 1619
1572990 1620
470897 1621
990723 1622
1276183 1623
762746 1624
623706 1625
705947 1626
594425 1627
881280 1628
989684 1629
1296896 1630
729123 1631
1155018 1632
337125 1633
1013498 1634
1454759 1635
42589 1636
458793 1637
167190 1638
99202 1639
1556753 1640
351824 1641
1397982 1642
1387369 1643
1134470 1644
323699 1645
1589390 1646
6370 1647
519994 1648
485042 1649
683198 1650
1578923 1651
1130101 1652
906055 1653
1314008 1654
757128 1655
199761 1656
528225 1657
48365 1658
1444759 1659
1152007 1660
1235300 1661
889283 1662
62861 1663
534059 1664
1489445 1665
1342776 1666
810161 1667
307924 1668
312150 1669
1229370 1670
443708 1671
556534 1672
698258 1673
695335 1674
1246814 1675
1281831 1676
178929 1677
29966 1678
182043 1679
887282 1680
685731 1681
628626 1682
616696 1683
1156935 1684
751979 1685
143779 1686
775502 1687
1701144 1688
1461161 1689
1560975 1690
210883 1691
699346 1692
1480521 1693
674795 1694
1022461 1695
1435250 1696
1192002 1697
1468559 1698
1609850 1699
823534 1700
474546 1701
440703 1702
1081991 1703
1081990 1704
496381 1705
625390 1706
769016 1707
1384051 1708
306401 1709
61742 1710
1524494 1711
1524492 1712
1036779 1713
1394518 1714
696341 1715
812728 1716
453222 1717
566142 1718
140153 1719
795582 1720
206020 1721
88497 1722
100176 1723
1707277 1724
396665 1725
1267425 1726
259619 1727
366763 1728
1147984 1729
1107344 1730
84877 1731
759170 1732
896953 1733
465341 1734
1082421 1735
872979 1736
1348949 1737
1438372 1738
1272239 1739
1023214 1740
923431 1741
1272724 1742
424935 1743
874562 1744
567231 1745
250369 1746
1175120 1747
853217 1748
510117 1749
1300244 1750
305196 1751
323738 1752
1642231 1753
17539 1754
94012 1755
1636554 1756
632350 1757
1415640 1758
2053 1759
626708 1760
518127 1761
1658787 1762
167504 1763
1484789 1764
1609078 1765
1285830 1766
1299440 1767
185874 1768
679457 1769
915103 1770
1421477 1771
237602 1772
709717 1773
1022921 1774
1022928 1775
582203 1776
254060 1777
769577 1778
1670409 1779
1631263 1780
512267 1781
761741 1782
1013117 1783
347814 1784
1252630 1785
1337879 1786
1090198 1787
1212857 1788
769716 1789
613894 1790
1137741 1791
1256649 1792
820983 1793
368244 1794
1314616 1795
565796 1796
1365802 1797
182512 1798
938233 1799
440847 1800
663154 1801
123607 1802
243798 1803
344438 1804
344432 1805
793180 1806
875833 1807
1111004 1808
1357189 1809
901780 1810
1355165 1811
1112297 1812
1517745 1813
1700687 1814
793322 1815
1361472 1816
280680 1817
804443 1818
1170328 1819
212489 1820
961696 1821
1453998 1822
592282 1823
1401623 1824
266841 1825
1352752 1826
1176419 1827
28224 1828
1388020 1829
912680 1830
1231798 1831
1464654 1832
1451595 1833
132465 1834
1283744 1835
760993 1836
1126347 1837
483525 1838
1194519 1839
259843 1840
366953 1841
398451 1842
1571403 1843
1707487 1844
1312289 1845
1313156 1846
1313158 1847
1445520 1848
98185 1849
897432 1850
1316505 1851
755668 1852
702260 1853
1471559 1854
784616 1855
1522390 1856
308103 1857
1396217 1858
1508073 1859
251714 1860
589771 1861
766746 1862
758144 1863
808745 1864
1624423 1865
602579 1866
762455 1867
857570 1868
958904 1869
505499 1870
1527418 1871
1341535 1872
451071 1873
1588605 1874
1343008 1875
488127 1876
80481 1877
1454613 1878
7842 1879
336314 1880
1330140 1881
1387342 1882
1055315 1883
932650 1884
362070 1885
36953 1886
1196614 1887
46685 1888
997138 1889
967345 1890
781649 1891
1049349 1892
818212 1893
1618351 1894
14881 1895
37571 1896
54974 1897
664130 1898
870455 1899
884385 1900
249856 1901
1086191 1902
1259442 1903
1087862 1904
513677 1905
1382082 1906
455755 1907
14087 1908
1345521 1909
1609 1910
778589 1911
607917 1912
1692074 1913
528971 1914
1071650 1915
1400507 1916
1067617 1917
910210 1918
278131 1919
1223981 1920
1543280 1921
264081 1922
928842 1923
1212464 1924
1009723 1925
1052497 1926
115649 1927
1467267 1928
621584 1929
1420521 1930
662301 1931
840778 1932
659347 1933
482499 1934
1007081 1935
156295 1936
993726 1937
1665899 1938
1443036 1939
1665891 1940
825264 1941
1439159 1942
1710331 1943
272396 1944
841544 1945
298695 1946
988634 1947
507396 1948
1095224 1949
924253 1950
381099 1951
1648664 1952
1697002 1953
97085 1954
401109 1955
984982 1956
326536 1957
475692 1958
402134 1959
624603 1960
1082626 1961
676832 1962
1602810 1963
531004 1964
1231207 1965
1668700 1966
1707224 1967
315101 1968
10998 1969
663956 1970
86089 1971
642214 1972
603567 1973
305423 1974
184670 1975
919350 1976
1061515 1977
912475 1978
784420 1979
1396977 1980
874545 1981
791028 1982
396607 1983
114652 1984
1053043 1985
1528151 1986
33351 1987
801252 1988
25091 1989
1051147 1990
707194 1991
52766 1992
62414 1993
299184 1994
633394 1995
611622 1996
314196 1997
1200671 1998
118946 1999
1310042 2000
301525 2001
63897 2002
134047 2003
1201939 2004
1035090 2005
660686 2006
1087478 2007
1192119 2008
490411 2009
622130 2010
1387137 2011
1049089 2012
762157 2013
512425 2014
15610 2015
698998 2016
1240152 2017
1536151 2018
557133 2019
113850 2020
432898 2021
1063278 2022
182091 2023
752569 2024
1463288 2025
255359 2026
529728 2027
1017632 2028
283246 2029
663177 2030
1695321 2031
1427530 2032
992353 2033
1618652 2034
769739 2035
218382 2036
180494 2037
843067 2038
40447 2039
11004 2040
1312775 2041
1219349 2042
1232205 2043
267443 2044
731900 2045
1486505 2046
979483 2047
1229937 2048
589302 2049
165004 2050
1322438 2051
1493113 2052
1583101 2053
1478767 2054
228703 2055
221617 2056
1126781 2057
1429040 2058
74695 2059
874242 2060
738687 2061
897452 2062
1625438 2063
1353423 2064
1629949 2065
1110811 2066
1151969 2067
1623106 2068
874754 2069
379482 2070
1677159 2071
218189 2072
1391203 2073
668327 2074
1693050 2075
1676799 2076
1421489 2077
116904 2078
1482551 2079
1548828 2080
1195152 2081
1321776 2082
836174 2083
732106 2084
763392 2085
1335299 2086
1330121 2087
972109 2088
1660885 2089
450267 2090
909238 2091
1091690 2092
1588951 2093
539580 2094
1088920 2095
554242 2096
249781 2097
1678932 2098
633234 2099
488103 2100
1631010 2101
558552 2102
1630087 2103
1024285 2104
1203016 2105
313967 2106
1552968 2107
1342222 2108
1104947 2109
1001870 2110
3247 2111
419629 2112
679554 2113
1138249 2114
415768 2115
18989 2116
1413961 2117
1297307 2118
364220 2119
343280 2120
1222874 2121
1219259 2122
575251 2123
371063 2124
886908 2125
971034 2126
1513432 2127
18189 2128
849113 2129
1022425 2130
402546 2131
1121787 2132
87654 2133
1687174 2134
1246853 2135
216113 2136
356444 2137
1101814 2138
136577 2139
651576 2140
30383 2141
803611 2142
1638636 2143
1019770 2144
1084381 2145
451733 2146
667297 2147
1181500 2148
1419875 2149
845313 2150
1469461 2151
953471 2152
914002 2153
771311 2154
924277 2155
117990 2156
1549601 2157
1648643 2158
283767 2159
761142 2160
1584812 2161
451889 2162
924184 2163
1119631 2164
1366906 2165
1643692 2166
580549 2167
642580 2168
1082977 2169
187052 2170
1160866 2171
1666038 2172
1036891 2173
227861 2174
84834 2175
816354 2176
1543970 2177
831372 2178
1011387 2179
1602127 2180
1447829 2181
1270614 2182
1107300 2183
716215 2184
1305599 2185
53626 2186
1409804 2187
635079 2188
654914 2189
796264 2190
1396957 2191
830170 2192
1495951 2193
1297888 2194
97658 2195
761854 2196
1330689 2197
1225835 2198
846329 2199
1559899 2200
1310019 2201
1196848 2202
1442837 2203
536062 2204
128886 2205
562328 2206
474294 2207
1053977 2208
62923 2209
401156 2210
1623717 2211
102698 2212
1538729 2213
1116884 2214
409543 2215
345109 2216
1548152 2217
340466 2218
914435 2219
1507262 2220
791951 2221
1324733 2222
623829 2223
1599032 2224
321733 2225
1201048 2226
493607 2227
363026 2228
176725 2229
33402 2230
772134 2231
857056 2232
360227 2233
384630 2234
1373978 2235
1524609 2236
564115 2237
471363 2238
1128138 2239
895419 2240
1356890 2241
115120 2242
1023943 2243
910393 2244
728342 2245
760035 2246
322553 2247
650569 2248
1503566 2249
108781 2250
1272913 2251
483172 2252
126032 2253
1596650 2254
794115 2255
440081 2256
242021 2257
630091 2258
1065793 2259
1661580 2260
1104146 2261
516216 2262
433517 2263
505871 2264
828733 2265
784980 2266
1584644 2267
1074781 2268
1193388 2269
1359699 2270
507585 2271
921036 2272
1700029 2273
961389 2274
330768 2275
625768 2276
1358747 2277
775385 2278
1421910 2279
111350 2280
1479569 2281
1497168 2282
61312 2283
881736 2284
1105769 2285
1502963 2286
1478218 2287
1020496 2288
1371165 2289
1496560 2290
1662051 2291
881597 2292
563566 2293
594441 2294
1224941 2295
912394 2296
912395 2297
1339501 2298
861536 2299
422974 2300
1507889 2301
1550332 2302
1378375 2303
493560 2304
1273668 2305
802429 2306
1186525 2307
1284940 2308
80730 2309
1517873 2310
366331 2311
485533 2312
1477741 2313
297301 2314
539215 2315
563175 2316
213440 2317
905664 2318
639410 2319
1178293 2320
1151945 2321
839390 2322
1475587 2323
1058204 2324
1300331 2325
2724 2326
1122945 2327
1421819 2328
1350948 2329
619866 2330
884610 2331
1678914 2332
327040 2333
167138 2334
796455 2335
1579857 2336
1387070 2337
730414 2338
771624 2339
1466865 2340
513631 2341
329025 2342
1062462 2343
775653 2344
1595021 2345
314751 2346
1601004 2347
1196387 2348
198259 2349
1574753 2350
1049291 2351
230206 2352
694484 2353
528937 2354
1327368 2355
849353 2356
1318569 2357
756639 2358
756638 2359
927793 2360
693597 2361
715297 2362
616981 2363
1314469 2364
981849 2365
599423 2366
380181 2367
1546288 2368
316495 2369
1664181 2370
156565 2371
1532961 2372
392651 2373
774302 2374
444081 2375
699630 2376
1144798 2377
1485154 2378
960243 2379
621327 2380
35178 2381
1470403 2382
209520 2383
678827 2384
325531 2385
1016269 2386
288176 2387
1462236 2388
1016262 2389
1648628 2390
1073570 2391
680583 2392
239563 2393
365337 2394
880270 2395
448784 2396
1197292 2397
310790 2398
793779 2399
503053 2400
423961 2401
1181785 2402
866149 2403
149834 2404
1668741 2405
1518136 2406
461165 2407
383982 2408
431882 2409
1146790 2410
414502 2411
1593651 2412
1043073 2413
815175 2414
503637 2415
634277 2416
201681 2417
919396 2418
1195296 2419
1101494 2420
383189 2421
1667187 2422
1252057 2423
315207 2424
1285134 2425
477479 2426
230839 2427
165219 2428
10876 2429
520890 2430
1424238 2431
1489988 2432
1374345 2433
379727 2434
671548 2435
964972 2436
970950 2437
1106059 2438
1504261 2439
121803 2440
181080 2441
1446007 2442
654790 2443
650356 2444
1419254 2445
873139 2446
1221316 2447
1287140 2448
1694819 2449
380379 2450
380374 2451
1106443 2452
1414532 2453
1411010 2454
83974 2455
83977 2456
636654 2457
1548289 2458
1660325 2459
578650 2460
1290365 2461
1296808 2462
1481753 2463
1012176 2464
1091085 2465
922870 2466
1299553 2467
1311829 2468
1311824 2469
464694 2470
255313 2471
983380 2472
1021187 2473
2943 2474
590968 2475
208486 2476
299053 2477
1704610 2478
268135 2479
919477 2480
79160 2481
1518068 2482
1321921 2483
614822 2484
1661415 2485
398256 2486
928026 2487
958501 2488
1545885 2489
30733 2490
1318358 2491
897371 2492
847490 2493
31461 2494
746936 2495
407861 2496
684742 2497
843795 2498
319081 2499
1190814 2500
970131 2501
1710741 2502
1625381 2503
1307017 2504
593929 2505
1666918 2506
1510558 2507
144824 2508
492364 2509
932686 2510
915422 2511
130809 2512
1214298 2513
1106208 2514
1034929 2515
1338787 2516
136231 2517
1271776 2518
1282901 2519
1629721 2520
1388085 2521
527984 2522
171863 2523
925954 2524
425638 2525
1103351 2526
922278 2527
1635869 2528
1381825 2529
1381823 2530
391309 2531
1433527 2532
1112322 2533
393265 2534
904101 2535
1135809 2536
973818 2537
859605 2538
982954 2539
1483641 2540
1483392 2541
1180443 2542
1493516 2543
978424 2544
772323 2545
576151 2546
563150 2547
588515 2548
1202614 2549
1271828 2550
1092309 2551
26221 2552
159006 2553
1397109 2554
140906 2555
781624 2556
664156 2557
801173 2558
1696121 2559
1009711 2560
568091 2561
190717 2562
54485 2563
947925 2564
1520223 2565
1636783 2566
951073 2567
596196 2568
232317 2569
113660 2570
1605052 2571
589646 2572
1129189 2573
1129633 2574
36423 2575
1598046 2576
1553741 2577
363948 2578
911895 2579
94707 2580
1638981 2581
976279 2582
1472648 2583
304885 2584
805380 2585
477290 2586
186056 2587
1246091 2588
1682181 2589
1145791 2590
272040 2591
345935 2592
1417889 2593
379148 2594
540499 2595
6863 2596
57816 2597
1425995 2598
636357 2599
471446 2600
314452 2601
693644 2602
671760 2603
1596337 2604
440920 2605
394694 2606
195842 2607
271467 2608
39460 2609
520459 2610
1567918 2611
175767 2612
131761 2613
1254544 2614
1469688 2615
1323461 2616
1453856 2617
1080209 2618
158060 2619
127133 2620
1428010 2621
69873 2622
309914 2623
1533722 2624
1486156 2625
896484 2626
961025 2627
1648356 2628
952744 2629
952740 2630
1696337 2631
635036 2632
572317 2633
1313253 2634
185150 2635
834808 2636
758328 2637
696699 2638
1367904 2639
1056704 2640
181315 2641
581907 2642
1056703 2643
1519248 2644
1123977 2645
1601606 2646
1538547 2647
966735 2648
715709 2649
1291344 2650
964997 2651
303874 2652
1143540 2653
150059 2654
1603616 2655
1396443 2656
1175070 2657
1396445 2658
1508205 2659
488821 2660
1559053 2661
188845 2662
328585 2663
201806 2664
1163354 2665
618897 2666
1554380 2667
98522 2668
1191755 2669
745116 2670
873153 2671
1374369 2672
489483 2673
742723 2674
390341 2675
739620 2676
1375018 2677
1624355 2678
1645807 2679
1459988 2680
1183501 2681
996926 2682
1290430 2683
1317402 2684
1260730 2685
963776 2686
1491569 2687
963778 2688
1456530 2689
997342 2690
317799 2691
982406 2692
1480286 2693
806848 2694
302054 2695
1162332 2696
1320584 2697
1433340 2698
421847 2699
1090914 2700
1621451 2701
715959 2702
1442263 2703
767 2704
685653 2705
326987 2706
1481734 2707
1166307 2708
1620507 2709
1303984 2710
1318331 2711
1025192 2712
585366 2713
704108 2714
1665951 2715
1488756 2716
816666 2717
826319 2718
205963 2719
421153 2720
421157 2721
782162 2722
1244006 2723
606364 2724
308338 2725
1550511 2726
812629 2727
366487 2728
1645395 2729
929200 2730
15236 2731
1694752 2732
284852 2733
77183 2734
1075383 2735
1041819 2736
449506 2737
959051 2738
413567 2739
12636 2740
139422 2741
1015161 2742
1143155 2743
1137249 2744
1047267 2745
1489080 2746
1089241 2747
488159 2748
397906 2749
50609 2750
1190699 2751
989087 2752
1660826 2753
1660820 2754
181128 2755
318005 2756
861281 2757
816053 2758
216407 2759
1204280 2760
969276 2761
1066251 2762
1106087 2763
1121044 2764
250089 2765
985377 2766
41872 2767
359143 2768
315435 2769
57162 2770
1680979 2771
57166 2772
856265 2773
299262 2774
956188 2775
996590 2776
634994 2777
1466827 2778
359148 2779
1221500 2780
627751 2781
138486 2782
75506 2783
1234633 2784
36401 2785
167392 2786
1363734 2787
963188 2788
367048 2789
702620 2790
251132 2791
1424597 2792
1118218 2793
1466178 2794
596979 2795
1297365 2796
677597 2797
1562881 2798
1318522 2799
1145004 2800
1664238 2801
83529 2802
304865 2803
1417081 2804
1078962 2805
598818 2806
659693 2807
1200569 2808
800461 2809
710027 2810
161430 2811
1699615 2812
629622 2813
849311 2814
6594 2815
179411 2816
1491797 2817
587603 2818
194774 2819
1189121 2820
338893 2821
875917 2822
174063 2823
1128705 2824
1660515 2825
434411 2826
583275 2827
711482 2828
212074 2829
583278 2830
1473938 2831
1311494 2832
333844 2833
886684 2834
437505 2835
1245529 2836
1514826 2837
793734 2838
170183 2839
487165 2840
643 2841
973506 2842
1401230 2843
729919 2844
1402453 2845
1489730 2846
1294357 2847
341965 2848
1218024 2849
1030949 2850
238436 2851
1334889 2852
1334881 2853
1111557 2854
320878 2855
1626737 2856
934358 2857
994854 2858
760303 2859
1573276 2860
838124 2861
1673100 2862
1571540 2863
1422558 2864
1231100 2865
1304695 2866
1037080 2867
1375963 2868
942214 2869
1410898 2870
120464 2871
153747 2872
1378294 2873
1378297 2874
783042 2875
1273169 2876
46161 2877
1430500 2878
262777 2879
1210547 2880
559618 2881
205163 2882
489132 2883
1375382 2884
124490 2885
492951 2886
450500 2887
975980 2888
1190573 2889
1377181 2890
261782 2891
1423820 2892
193742 2893
389258 2894
1365197 2895
587383 2896
70618 2897
1476262 2898
1411586 2899
162666 2900
236358 2901
586560 2902
586562 2903
870373 2904
669358 2905
537593 2906
1300141 2907
679256 2908
1311866 2909
1387063 2910
1118978 2911
634836 2912
1541811 2913
204340 2914
1162319 2915
274226 2916
608520 2917
419550 2918
555866 2919
1593993 2920
108769 2921
11885 2922
58241 2923
353628 2924
808645 2925
81390 2926
1389061 2927
844560 2928
674864 2929
1292018 2930
966911 2931
1283239 2932
479402 2933
1283235 2934
784560 2935
106803 2936
1609953 2937
156914 2938
1613609 2939
1668914 2940
1445818 2941
590254 2942
361804 2943
825523 2944
1090021 2945
1673098 2946
864864 2947
1673093 2948
1022250 2949
1673095 2950
1673094 2951
1673097 2952
1673096 2953
599238 2954
911537 2955
1012793 2956
1344403 2957
1641617 2958
1699134 2959
453401 2960
1038761 2961
1358123 2962
502004 2963
1454245 2964
1694737 2965
747881 2966
751169 2967
1095477 2968
1393991 2969
1575071 2970
750347 2971
1075412 2972
1211559 2973
286963 2974
729109 2975
835509 2976
1295769 2977
1312334 2978
1694083 2979
1055009 2980
642885 2981
872782 2982
1032133 2983
150405 2984
1021782 2985
784018 2986
1500736 2987
881352 2988
1531823 2989
436769 2990
464542 2991
420283 2992
915685 2993
853317 2994
486607 2995
493273 2996
769973 2997
482857 2998
1102045 2999
75704 3000
660372 3001
2488 3002
1268859 3003
320075 3004
648324 3005
1003858 3006
536143 3007
1190149 3008
128499 3009
1191541 3010
1367113 3011
5146 3012
1035483 3013
1301154 3014
1556399 3015
1138798 3016
918548 3017
577967 3018
1155423 3019
152378 3020
885185 3021
875200 3022
254435 3023
220980 3024
1466115 3025
1050833 3026
20506 3027
911856 3028
325149 3029
78071 3030
450332 3031
1496614 3032
459666 3033
203363 3034
1546555 3035
698876 3036
944749 3037
689344 3038
156270 3039
1276999 3040
520144 3041
1233342 3042
1314150 3043
1314152 3044
1295731 3045
1189143 3046
232716 3047
585447 3048
524805 3049
701645 3050
243698 3051
325550 3052
689006 3053
1006485 3054
1233521 3055
338878 3056
388783 3057
1505434 3058
1080797 3059
782557 3060
883853 3061
1026969 3062
1119328 3063
365391 3064
516357 3065
335084 3066
1700221 3067
1107073 3068
275219 3069
92685 3070
58500 3071
1283393 3072
895754 3073
1680315 3074
1103947 3075
416503 3076
1406579 3077
784862 3078
324799 3079
1345206 3080
1348360 3081
1270690 3082
1078338 3083
399978 3084
907321 3085
230629 3086
838107 3087
1010657 3088
1424784 3089
1492783 3090
1496206 3091
681610 3092
1313743 3093
547829 3094
970707 3095
1155169 3096
1042736 3097
1106385 3098
1685200 3099
241869 3100
1146624 3101
1667879 3102
215314 3103
1318434 3104
783062 3105
1351672 3106
82218 3107
1449379 3108
1255758 3109
75957 3110
1073456 3111
1646642 3112
918970 3113
1164598 3114
536427 3115
687754 3116
1540309 3117
1252901 3118
972645 3119
853124 3120
1190550 3121
1694273 3122
1668456 3123
1618178 3124
183646 3125
1623282 3126
1477443 3127
1476242 3128
1594445 3129
990069 3130
566686 3131
595818 3132
436738 3133
1057505 3134
346633 3135
1534336 3136
1152302 3137
898204 3138
1357536 3139
274023 3140
924722 3141
134605 3142
1265814 3143
1185622 3144
422619 3145
85624 3146
1440912 3147
458812 3148
1342328 3149
685478 3150
1503465 3151
1547544 3152
324406 3153
443603 3154
75042 3155
362693 3156
1692601 3157
1386578 3158
911446 3159
620558 3160
1059860 3161
840381 3162
1653351 3163
622774 3164
976395 3165
359253 3166
1386684 3167
626470 3168
966332 3169
849071 3170
18042 3171
584101 3172
108837 3173
849078 3174
1558986 3175
94537 3176
928042 3177
1155944 3178
1229400 3179
175092 3180
175093 3181
40750 3182
434358 3183
185321 3184
1628872 3185
382649 3186
1554589 3187
847385 3188
1546056 3189
1536204 3190
916786 3191
591270 3192
1279990 3193
1460286 3194
301849 3195
238627 3196
867469 3197
407080 3198
1384861 3199
815899 3200
319395 3201
1246750 3202
1698400 3203
1549237 3204
842713 3205
1255108 3206
740333 3207
1269010 3208
746956 3209
1303394 3210
35762 3211
50397 3212
72077 3213
928953 3214
1329276 3215
1037183 3216
1433810 3217
831419 3218
1312353 3219
728700 3220
315068 3221
1025847 3222
273166 3223
650925 3224
616375 3225
1677716 3226
189375 3227
1558269 3228
617426 3229
1272425 3230
1700991 3231
1285881 3232
1270489 3233
266444 3234
165351 3235
744149 3236
161853 3237
172172 3238
1462709 3239
716742 3240
1636231 3241
52397 3242
1692838 3243
1220411 3244
1220412 3245
1709578 3246
1603775 3247
1316184 3248
1058020 3249
669786 3250
1604742 3251
951763 3252
1332577 3253
36336 3254
1550914 3255
758011 3256
1536786 3257
277783 3258
1430772 3259
875774 3260
602178 3261
1675027 3262
719688 3263
1449228 3264
1299263 3265
800245 3266
1356159 3267
1145739 3268
2202 3269
812812 3270
1019503 3271
1524005 3272
1224714 3273
351918 3274
139027 3275
1546209 3276
1638832 3277
384156 3278
95172 3279
1382745 3280
1308457 3281
63205 3282
112224 3283
1125800 3284
1530155 3285
470338 3286
143680 3287
986549 3288
143684 3289
368499 3290
159629 3291
1256476 3292
197674 3293
493810 3294
905962 3295
164987 3296
1022489 3297
1403280 3298
1212688 3299
1673974 3300
502902 3301
1451922 3302
1405609 3303
24523 3304
837200 3305
1628469 3306
1458869 3307
689 3308
640071 3309
924437 3310
476035 3311
483462 3312
1223050 3313
1345269 3314
1022835 3315
1312188 3316
1312186 3317
541125 3318
577125 3319
477968 3320
1313760 3321
1667105 3322
1266067 3323
1266065 3324
913521 3325
868906 3326
1517197 3327
1478158 3328
880703 3329
1496082 3330
493624 3331
687195 3332
1645163 3333
1214420 3334
560832 3335
712155 3336
563339 3337
1284802 3338
1040735 3339
1691972 3340
936893 3341
1014916 3342
1195210 3343
956355 3344
766572 3345
1190538 3346
1168100 3347
667831 3348
1102602 3349
476158 3350
205383 3351
561878 3352
250168 3353
1265782 3354
307669 3355
1392670 3356
1671226 3357
1350880 3358
1189999 3359
1696288 3360
208094 3361
1175014 3362
890240 3363
1092570 3364
657620 3365
426953 3366
85609 3367
1382450 3368
1397956 3369
1397775 3370
871062 3371
810770 3372
58065 3373
578389 3374
911316 3375
870194 3376
570554 3377
1249557 3378
442970 3379
1076950 3380
36785 3381
726890 3382
151695 3383
939786 3384
779243 3385
1544891 3386
487684 3387
1407980 3388
1534785 3389
364147 3390
1371519 3391
469864 3392
1271076 3393
808684 3394
252448 3395
604348 3396
1118426 3397
1123715 3398
1675767 3399
62099 3400
1609917 3401
691583 3402
710165 3403
945177 3404
495714 3405
272813 3406
368407 3407
1157974 3408
914509 3409
648271 3410
1052311 3411
1019987 3412
1044604 3413
171403 3414
1298824 3415
1137360 3416
1373614 3417
1038097 3418
750835 3419
1621213 3420
1313978 3421
638750 3422
370012 3423
987685 3424
1016187 3425
127818 3426
838866 3427
1544753 3428
713149 3429
896325 3430
414448 3431
60937 3432
317898 3433
558908 3434
1283586 3435
420139 3436
460446 3437
1094836 3438
214506 3439
1217740 3440
973095 3441
1197951 3442
464584 3443
953918 3444
201143 3445
758449 3446
677192 3447
449836 3448
1289601 3449
952061 3450
1636520 3451
1174550 3452
1522771 3453
208397 3454
22900 3455
558595 3456
1041471 3457
459840 3458
957744 3459
679848 3460
515190 3461
1298066 3462
279979 3463
499863 3464
1316616 3465
1076892 3466
1239268 3467
1538649 3468
820512 3469
152844 3470
918501 3471
254476 3472
166825 3473
1504103 3474
1172526 3475
705389 3476
1098738 3477
743593 3478
1172879 3479
911817 3480
459511 3481
1356139 3482
1432287 3483
1113086 3484
390466 3485
247087 3486
392647 3487
1695889 3488
568013 3489
1224260 3490
102374 3491
969921 3492
1076232 3493
774901 3494
671104 3495
95198 3496
57897 3497
737955 3498
1660152 3499
1235430 3500
211683 3501
1610769 3502
971129 3503
1664923 3504
786544 3505
1091217 3506
40097 3507
242305 3508
1153442 3509
860314 3510
464809 3511
1202332 3512
1212660 3513
782518 3514
1541064 3515
779051 3516
312599 3517
1451907 3518
851414 3519
1338842 3520
526628 3521
58542 3522
1372063 3523
547196 3524
751715 3525
296971 3526
1700458 3527
1123051 3528
894807 3529
970527 3530
1261768 3531
980533 3532
542651 3533
954625 3534
1518994 3535
1424743 3536
1268573 3537
1428898 3538
1517428 3539
1315466 3540
1271385 3541
607316 3542
913053 3543
262244 3544
812232 3545
369603 3546
1611953 3547
1681000 3548
877805 3549
1643475 3550
1388149 3551
1100010 3552
276709 3553
1677031 3554
486783 3555
188205 3556
608922 3557
72503 3558
1576174 3559
861694 3560
161339 3561
689409 3562
259911 3563
975926 3564
744758 3565
1047941 3566
247653 3567
1402567 3568
889004 3569
912672 3570
1270527 3571
493603 3572
991267 3573
1456828 3574
1634723 3575
500652 3576
1360187 3577
1272676 3578
1453528 3579
150123 3580
1107595 3581
1383144 3582
260796 3583
82363 3584
1647151 3585
1647150 3586
1690915 3587
923464 3588
683651 3589
690615 3590
294221 3591
406833 3592
470984 3593
377630 3594
1592624 3595
841039 3596
479801 3597
102560 3598
70105 3599
851768 3600
1330938 3601
479203 3602
1512041 3603
959474 3604
530779 3605
780412 3606
347542 3607
1271017 3608
1271015 3609
1050956 3610
549904 3611
1090883 3612
274423 3613
1620587 3614
484928 3615
805539 3616
39624 3617
1398240 3618
1453368 3619
850735 3620
757380 3621
381959 3622
768809 3623
1637158 3624
550487 3625
68812 3626
1012082 3627
1283160 3628
97907 3629
290769 3630
1431184 3631
1691343 3632
1388822 3633
1499296 3634
22298 3635
1273337 3636
76239 3637
1159017 3638
1485698 3639
1002878 3640
1262884 3641
296726 3642
271617 3643
1323898 3644
133802 3645
1448848 3646
1616033 3647
1275815 3648
1392888 3649
1622525 3650
593761 3651
1081418 3652
1447654 3653
1201426 3654
1593022 3655
782707 3656
928199 3657
919293 3658
261070 3659
261072 3660
973078 3661
397187 3662
679922 3663
1377068 3664
51338 3665
266483 3666
406066 3667
1651768 3668
56872 3669
1651761 3670
649482 3671
4611 3672
4612 3673
522608 3674
509281 3675
185723 3676
92581 3677
1033397 3678
877770 3679
995203 3680
277628 3681
82379 3682
309143 3683
1036455 3684
1289082 3685
1188492 3686
1100800 3687
260306 3688
925826 3689
407687 3690
911290 3691
454119 3692
1106564 3693
1454565 3694
173903 3695
1163413 3696
470242 3697
1045365 3698
1156599 3699
1637980 3700
528000 3701
932446 3702
97484 3703
1224204 3704
6245 3705
53552 3706
980973 3707
475269 3708
1293207 3709
499335 3710
1203896 3711
1332980 3712
1314135 3713
749552 3714
884298 3715
1152134 3716
1159718 3717
123290 3718
871639 3719
426214 3720
1357249 3721
68644 3722
160030 3723
1128780 3724
1283010 3725
1699692 3726
268274 3727
440185 3728
860661 3729
178810 3730
1530923 3731
793220 3732
889651 3733
917359 3734
1567406 3735
1628317 3736
1409156 3737
931748 3738
1307947 3739
526971 3740
672165 3741
1584748 3742
1363374 3743
1584741 3744
331063 3745
1560332 3746
434169 3747
1369911 3748
5662 3749
1126006 3750
1312491 3751
823667 3752
421075 3753
156167 3754
430934 3755
703996 3756
1394796 3757
126826 3758
378434 3759
1284590 3760
1530671 3761
1297861 3762
532556 3763
1075792 3764
262046 3765
1211417 3766
1403945 3767
835667 3768
1015060 3769
1143032 3770
1661826 3771
448866 3772
1602901 3773
224566 3774
224561 3775
1583027 3776
1427826 3777
750648 3778
376127 3779
1141702 3780
1421702 3781
1470346 3782
1451257 3783
1154678 3784
1143691 3785
85398 3786
1308648 3787
1551129 3788
600961 3789
1286057 3790
423327 3791
64974 3792
659008 3793
1281224 3794
1528043 3795
322608 3796
1317753 3797
94124 3798
1577468 3799
1318768 3800
1363969 3801
894619 3802
891223 3803
294062 3804
837525 3805
1327514 3806
473700 3807
614034 3808
1318424 3809
780479 3810
1346088 3811
69608 3812
1156089 3813
195298 3814
262232 3815
1022704 3816
264949 3817
1457036 3818
222341 3819
1304318 3820
944801 3821
1346558 3822
314551 3823
771038 3824
788 3825
1588303 3826
388449 3827
269665 3828
1595771 3829
897746 3830
1067007 3831
1535743 3832
785408 3833
803261 3834
384259 3835
1186082 3836
417848 3837
1161481 3838
820871 3839
1269740 3840
1464908 3841
1581052 3842
78160 3843
258916 3844
1010844 3845
394132 3846
811486 3847
331169 3848
137768 3849
1578672 3850
312259 3851
1458926 3852
23006 3853
815037 3854
1272827 3855
1531159 3856
912006 3857
919709 3858
477887 3859
457257 3860
793562 3861
694382 3862
442338 3863
322383 3864
1256223 3865
1244326 3866
642370 3867
1533800 3868
1467055 3869
842800 3870
1218702 3871
481478 3872
327710 3873
1709603 3874
174831 3875
1283672 3876
1338874 3877
1673105 3878
1266766 3879
838351 3880
1127001 3881
1667976 3882
163107 3883
1361131 3884
1603242 3885
140670 3886
195725 3887
830388 3888
104591 3889
1205213 3890
1246440 3891
1110903 3892
1693679 3893
594287 3894
277600 3895
1556642 3896
36359 3897
1214616 3898
550498 3899
542055 3900
1550423 3901
1282031 3902
835495 3903
1238565 3904
1250001 3905
323169 3906
389371 3907
193602 3908
963652 3909
1008913 3910
1002526 3911
636250 3912
1282258 3913
16942 3914
1324433 3915
853755 3916
1466266 3917
1308783 3918
1024061 3919
1132742 3920
1564904 3921
901481 3922
708054 3923
1023285 3924
1317291 3925
1476017 3926
1139590 3927
407029 3928
810308 3929
1614021 3930
1121818 3931
33381 3932
1409562 3933
878964 3934
459554 3935
1507413 3936
1142158 3937
820116 3938
44552 3939
658142 3940
604513 3941
1491227 3942
767105 3943
1078892 3944
719990 3945
1661165 3946
524086 3947
447460 3948
1078092 3949
1226939 3950
208636 3951
1653076 3952
306125 3953
256058 3954
887071 3955
892928 3956
186184 3957
1662135 3958
1392398 3959
1123548 3960
1448422 3961
136688 3962
913277 3963
522528 3964
913270 3965
469025 3966
419859 3967
193049 3968
84048 3969
1177662 3970
1209917 3971
862573 3972
712429 3973
1394801 3974
1632621 3975
1603529 3976
1446732 3977
1337484 3978
195911 3979
429118 3980
816979 3981
1498280 3982
35003 3983
389105 3984
267966 3985
928812 3986
230413 3987
1338468 3988
1122766 3989
1536511 3990
475818 3991
703311 3992
1227222 3993
130904 3994
1475848 3995
221062 3996
835026 3997
1509845 3998
1238487 3999
1438483 4000
1125089 4001
475193 4002
241753 4003
991220 4004
586673 4005
889044 4006
1345391 4007
25749 4008
1036664 4009
1270560 4010
468510 4011
872978 4012
277163 4013
602582 4014
653145 4015
461824 4016
1544295 4017
209206 4018
1070898 4019
299304 4020
1077042 4021
828011 4022
124697 4023
17429 4024
1609525 4025
13331 4026
1096780 4027
1273635 4028
294085 4029
1092444 4030
1157674 4031
1393569 4032
1106684 4033
1538149 4034
148646 4035
783985 4036
44769 4037
1548772 4038
455414 4039
772936 4040
949506 4041
421266 4042
850264 4043
512114 4044
800540 4045
972207 4046
164454 4047
1239936 4048
1506682 4049
1698966 4050
943108 4051
1326155 4052
179357 4053
697476 4054
79092 4055
950445 4056
550946 4057
325638 4058
629091 4059
1233136 4060
1427374 4061
546411 4062
662539 4063
433037 4064
1661634 4065
822721 4066
1012598 4067
1026648 4068
585763 4069
1111778 4070
1456769 4071
788077 4072
234496 4073
769643 4074
1305425 4075
1305422 4076
47911 4077
713120 4078
183651 4079
1209762 4080
497063 4081
1653712 4082
483740 4083
1409348 4084
1567877 4085
1707622 4086
427591 4087
221496 4088
1313883 4089
1285542 4090
805207 4091
1176662 4092
644979 4093
1299356 4094
843373 4095
258539 4096
729785 4097
409951 4098
23682 4099
1401998 4100
1497520 4101
716646 4102
1041949 4103
1263821 4104
221728 4105
1263398 4106
222526 4107
230555 4108
185766 4109
460757 4110
431305 4111
1438013 4112
1440341 4113
450761 4114
489079 4115
784744 4116
61284 4117
1352956 4118
1646108 4119
679675 4120
124207 4121
86835 4122
74503 4123
51994 4124
922652 4125
128691 4126
668250 4127
205226 4128
42432 4129
1642594 4130
624053 4131
1585527 4132
510983 4133
362831 4134
1083275 4135
1495476 4136
1441344 4137
818470 4138
984253 4139
1242259 4140
20836 4141
257818 4142
614918 4143
871183 4144
598376 4145
1566230 4146
1674113 4147
878418 4148
1412841 4149
346040 4150
3448 4151
863 4152
249909 4153
138119 4154
209015 4155
1225771 4156
198078 4157
1283053 4158
1297187 4159
1157283 4160
400698 4161
70231 4162
1188721 4163
798921 4164
1326361 4165
955951 4166
892121 4167
1502052 4168
94412 4169
1192716 4170
1192714 4171
137177 4172
83217 4173
665578 4174
126576 4175
1560807 4176
1420122 4177
1314531 4178
1390700 4179
608644 4180
530446 4181
860953 4182
954685 4183
803898 4184
1681352 4185
993898 4186
1380663 4187
1682520 4188
450950 4189
66018 4190
916041 4191
815209 4192
1246637 4193
112773 4194
1210857 4195
1427950 4196
666374 4197
451608 4198
987457 4199
206557 4200
1197747 4201
1465334 4202
33044 4203
446171 4204
32882 4205
585021 4206
751336 4207
543941 4208
457358 4209
1153827 4210
1153826 4211
1273211 4212
882784 4213
377871 4214
1057944 4215
1448834 4216
594321 4217
1037660 4218
852581 4219
464222 4220
813691 4221
1191992 4222
287487 4223
1228675 4224
706866 4225
634327 4226
1403905 4227
1066532 4228
448755 4229
253876 4230
184768 4231
457720 4232
1572364 4233
43134 4234
1411816 4235
1594178 4236
162332 4237
289572 4238
1220008 4239
281084 4240
1368774 4241
951663 4242
235224 4243
467759 4244
376382 4245
1417357 4246
152431 4247
618077 4248
1676239 4249
1609761 4250
124549 4251
422015 4252
1035235 4253
1273849 4254
1335209 4255
254159 4256
947314 4257
694038 4258
1206348 4259
948164 4260
512170 4261
860098 4262
196719 4263
376807 4264
1470890 4265
739718 4266
613659 4267
1052641 4268
121444 4269
1063017 4270
840321 4271
943120 4272
172827 4273
1012753 4274
906712 4275
1208903 4276
1581015 4277
667557 4278
711388 4279
1390932 4280
1049153 4281
1080692 4282
607612 4283
1555964 4284
430890 4285
811198 4286
1323380 4287
1621298 4288
1380275 4289
243802 4290
770747 4291
496262 4292
1183963 4293
1407811 4294
774401 4295
216985 4296
1169072 4297
272094 4298
1170700 4299
692221 4300
530589 4301
938615 4302
738391 4303
954741 4304
282515 4305
50593 4306
378590 4307
224197 4308
224199 4309
1193906 4310
921675 4311
970063 4312
361262 4313
1586594 4314
1673147 4315
696196 4316
732818 4317
1398097 4318
127235 4319
651585 4320
241127 4321
1533267 4322
498155 4323
900715 4324
590655 4325
873037 4326
1258016 4327
551363 4328
387832 4329
1210134 4330
861913 4331
1524311 4332
649391 4333
766450 4334
556808 4335
260812 4336
795617 4337
149370 4338
757975 4339
1213065 4340
1489398 4341
227564 4342
93871 4343
297987 4344
152593 4345
963615 4346
1120801 4347
680763 4348
1235655 4349
154341 4350
1626212 4351
154346 4352
1301193 4353
669235 4354
1224222 4355
1116814 4356
1642705 4357
1180882 4358
827452 4359
871163 4360
671182 4361
1039969 4362
1125359 4363
556755 4364
38472 4365
1142498 4366
327286 4367
518174 4368
1002565 4369
1160636 4370
809212 4371
920242 4372
1173617 4373
1335540 4374
158996 4375
173697 4376
190607 4377
470027 4378
1121292 4379
902083 4380
1257547 4381
239254 4382
337384 4383
1129274 4384
176806 4385
935149 4386
996179 4387
1257897 4388
659058 4389
1561698 4390
911982 4391
467288 4392
709503 4393
1430195 4394
1627857 4395
1144516 4396
963926 4397
416099 4398
462077 4399
530463 4400
805748 4401
855064 4402
552276 4403
858319 4404
1635346 4405
1219460 4406
738704 4407
1312788 4408
1232292 4409
563604 4410
831679 4411
953568 4412
1311786 4413
50745 4414
838585 4415
1312253 4416
835359 4417
835602 4418
67924 4419
1227267 4420
1055704 4421
595178 4422
1500539 4423
751357 4424
516539 4425
466955 4426
1170390 4427
28922 4428
180405 4429
1273233 4430
1453611 4431
1272016 4432
1049278 4433
655415 4434
1359089 4435
966475 4436
1602692 4437
1111427 4438
646746 4439
1695728 4440
294970 4441
1549758 4442
197801 4443
1533676 4444
448771 4445
52295 4446
261800 4447
1227481 4448
75370 4449
1275942 4450
684841 4451
921536 4452
287758 4453
522562 4454
1607647 4455
1604841 4456
1477226 4457
1519130 4458
1073055 4459
1426237 4460
1106704 4461
152909 4462
1438999 4463
481484 4464
1508644 4465
1620855 4466
1508642 4467
1670156 4468
1423956 4469
1343056 4470
999800 4471
745000 4472
647918 4473
1595201 4474
1163025 4475
101807 4476
194593 4477
563985 4478
1475571 4479
62836 4480
1290254 4481
1480136 4482
1114084 4483
115343 4484
437448 4485
1419754 4486
1397603 4487
251902 4488
587767 4489
556562 4490
1080329 4491
149558 4492
860707 4493
1539161 4494
769426 4495
137252 4496
136929 4497
1613778 4498
713250 4499
1006656 4500
1281808 4501
1475160 4502
1297394 4503
487083 4504
47957 4505
14721 4506
28005 4507
419177 4508
172801 4509
169093 4510
1176720 4511
1044004 4512
1166212 4513
461662 4514
1311449 4515
354940 4516
970663 4517
1015963 4518
111864 4519
1481914 4520
111860 4521
1514218 4522
1190961 4523
869390 4524
869397 4525
1420379 4526
89515 4527
103983 4528
87783 4529
343683 4530
272341 4531
250187 4532
1629074 4533
1629073 4534
460244 4535
1478616 4536
1384202 4537
1501114 4538
869577 4539
869571 4540
39124 4541
1288355 4542
1165540 4543
409441 4544
1214670 4545
1419115 4546
1645751 4547
1417329 4548
1165327 4549
1154574 4550
1041989 4551
1325505 4552
162669 4553
677822 4554
1177265 4555
836843 4556
292621 4557
21163 4558
852791 4559
818430 4560
829143 4561
874534 4562
1204396 4563
821332 4564
46246 4565
1354842 4566
1551759 4567
1404718 4568
443906 4569
1251640 4570
60590 4571
605408 4572
56925 4573
1041230 4574
1375602 4575
327376 4576
2794 4577
1327107 4578
1480096 4579
1006463 4580
1382662 4581
1654937 4582
122743 4583
303793 4584
903912 4585
902360 4586
534703 4587
104393 4588
871148 4589
1439480 4590
533934 4591
1297728 4592
1675647 4593
883070 4594
83252 4595
591334 4596
186160 4597
892549 4598
828369 4599
1028096 4600
1116496 4601
729113 4602
805766 4603
519407 4604
1098397 4605
1207600 4606
1135514 4607
495237 4608
1635363 4609
1177356 4610
979347 4611
1223362 4612
525262 4613
939118 4614
1362310 4615
1401890 4616
639126 4617
1561642 4618
971273 4619
284930 4620
365003 4621
1130954 4622
194627 4623
496186 4624
1513010 4625
1633068 4626
187693 4627
1465805 4628
912169 4629
537131 4630
1112979 4631
273778 4632
889531 4633
1112973 4634
221593 4635
1068862 4636
793401 4637
463720 4638
319817 4639
794837 4640
1428169 4641
505203 4642
507536 4643
852540 4644
355643 4645
1107495 4646
1570589 4647
589357 4648
589353 4649
1342815 4650
1393456 4651
1133211 4652
854872 4653
220170 4654
576568 4655
177011 4656
532130 4657
94217 4658
577615 4659
1368391 4660
674441 4661
459922 4662
1050293 4663
503987 4664
974033 4665
1667582 4666
1604648 4667
56024 4668
1609546 4669
377698 4670
587964 4671
832684 4672
1188570 4673
534952 4674
1530234 4675
662931 4676
891806 4677
408657 4678
1694073 4679
739577 4680
1398771 4681
1556169 4682
558070 4683
488156 4684
1029641 4685
633209 4686
409655 4687
1106620 4688
802250 4689
616802 4690
1066132 4691
1143476 4692
875582 4693
1530614 4694
731514 4695
1326460 4696
773938 4697
845706 4698
1180968 4699
906063 4700
176651 4701
1314015 4702
1314014 4703
835962 4704
586213 4705
365839 4706
432900 4707
192242 4708
534041 4709
838888 4710
539279 4711
112091 4712
661776 4713
1639 4714
508845 4715
346299 4716
134777 4717
137271 4718
480403 4719
871463 4720
1108412 4721
29951 4722
423825 4723
1503676 4724
166596 4725
1275348 4726
1574729 4727
815526 4728
1248824 4729
1460517 4730
1587178 4731
13956 4732
1228844 4733
1372653 4734
1420579 4735
280267 4736
767962 4737
1123426 4738
753252 4739
1072879 4740
1580232 4741
1367579 4742
131933 4743
1209527 4744
183503 4745
572059 4746
825256 4747
1031699 4748
1568389 4749
31356 4750
573268 4751
340355 4752
1673184 4753
815380 4754
351233 4755
1611853 4756
420028 4757
862980 4758
170527 4759
795829 4760
535805 4761
1152655 4762
1376970 4763
92304 4764
581996 4765
1416653 4766
33311 4767
1419179 4768
351648 4769
149333 4770
576221 4771
1010350 4772
965278 4773
889763 4774
889765 4775
273012 4776
98480 4777
986942 4778
1492171 4779
896418 4780
313621 4781
1242949 4782
1123753 4783
184621 4784
1220383 4785
710980 4786
1216436 4787
650386 4788
806921 4789
1206246 4790
657766 4791
1654484 4792
554577 4793
1355775 4794
1202402 4795
844729 4796
926063 4797
102445 4798
1041254 4799
280339 4800
475767 4801
837151 4802
294721 4803
231846 4804
1410933 4805
1410930 4806
1042053 4807
27993 4808
643102 4809
1485933 4810
254070 4811
1291667 4812
1480219 4813
1022647 4814
112134 4815
203140 4816
1124040 4817
48148 4818
186108 4819
1005823 4820
1256719 4821
321213 4822
265736 4823
1615628 4824
795217 4825
202817 4826
1381337 4827
775185 4828
1686912 4829
272194 4830
1095064 4831
517114 4832
1238485 4833
820990 4834
123491 4835
629715 4836
584026 4837
1134122 4838
533456 4839
79625 4840
789686 4841
92462 4842
255015 4843
1259281 4844
1278908 4845
1665438 4846
1516005 4847
1275284 4848
336878 4849
589381 4850
1510258 4851
8389 4852
1151223 4853
1385055 4854
692463 4855
903328 4856
883941 4857
782620 4858
1636890 4859
1054885 4860
674893 4861
992036 4862
562662 4863
1359845 4864
28216 4865
319839 4866
242780 4867
912324 4868
912329 4869
1619053 4870
344051 4871
337585 4872
1236581 4873
56595 4874
412995 4875
304799 4876
750045 4877
1673092 4878
472013 4879
968538 4880
614706 4881
117889 4882
1471542 4883
594349 4884
1271852 4885
909247 4886
1013482 4887
420254 4888
915674 4889
1646063 4890
1284930 4891
1330011 4892
128915 4893
340606 4894
1106746 4895
1207839 4896
958911 4897
380806 4898
1093576 4899
82521 4900
167185 4901
694198 4902
1398756 4903
469886 4904
1145635 4905
63698 4906
408141 4907
473271 4908
1475683 4909
98299 4910
1014895 4911
166056 4912
475309 4913
1588458 4914
850914 4915
1495377 4916
121178 4917
1063523 4918
285239 4919
1128354 4920
984403 4921
554307 4922
588902 4923
1664283 4924
891682 4925
1647557 4926
1173226 4927
596102 4928
770932 4929
84244 4930
928567 4931
1101375 4932
546495 4933
661793 4934
1222711 4935
1062439 4936
911559 4937
1355901 4938
1380818 4939
162808 4940
1380743 4941
1136615 4942
483688 4943
840296 4944
565312 4945
472652 4946
313088 4947
597445 4948
690293 4949
365704 4950
1043247 4951
384905 4952
779662 4953
1490875 4954
1655532 4955
1328926 4956
5506 4957
549783 4958
1656322 4959
148887 4960
1523045 4961
529693 4962
530838 4963
421332 4964
1703394 4965
83737 4966
883557 4967
546 4968
273968 4969
359231 4970
1374608 4971
1208279 4972
434712 4973
352005 4974
519232 4975
413001 4976
1344357 4977
1532404 4978
3820 4979
259990 4980
1168360 4981
1487308 4982
954857 4983
1200104 4984
406874 4985
1061830 4986
228105 4987
571561 4988
1226905 4989
1230333 4990
968940 4991
813283 4992
1043819 4993
1711326 4994
1303205 4995
717014 4996
1103115 4997
378681 4998
905557 4999
905552 5000
1179314 5001
1179316 5002
158566 5003
784122 5004
1364427 5005
1216904 5006
518331 5007
172754 5008
124286 5009
1402752 5010
1703833 5011
328407 5012
428074 5013
348624 5014
397500 5015
1415323 5016
985269 5017
431523 5018
70009 5019
973475 5020
1010966 5021
942116 5022
1021666 5023
1157750 5024
185805 5025
1538006 5026
1672810 5027
379246 5028
80553 5029
300126 5030
1430628 5031
885704 5032
1431625 5033
698184 5034
1507214 5035
659033 5036
939333 5037
20475 5038
883708 5039
1013122 5040
671291 5041
1135084 5042
415520 5043
1301439 5044
557025 5045
216643 5046
1346217 5047
1213620 5048
172980 5049
841823 5050
532840 5051
1052019 5052
520616 5053
1151697 5054
746529 5055
537507 5056
982471 5057
1139468 5058
226479 5059
931785 5060
1311897 5061
1314606 5062
849460 5063
702869 5064
840193 5065
1312764 5066
34400 5067
92403 5068
437360 5069
1578136 5070
426437 5071
1397434 5072
180976 5073
1505507 5074
487304 5075
659296 5076
461473 5077
1275412 5078
796123 5079
917756 5080
327531 5081
302989 5082
1245926 5083
505849 5084
640698 5085
403194 5086
1532349 5087
630840 5088
912878 5089
1583398 5090
1445883 5091
312769 5092
50984 5093
856612 5094
1403988 5095
61325 5096
985902 5097
973861 5098
1426076 5099
839696 5100
100801 5101
100803 5102
590712 5103
22973 5104
404872 5105
904090 5106
999415 5107
274866 5108
1038046 5109
418403 5110
1217999 5111
1272526 5112
284847 5113
1271878 5114
1646045 5115
1451302 5116
874491 5117
120572 5118
1271877 5119
952090 5120
1033012 5121
589767 5122
891843 5123
981577 5124
1200848 5125
1045164 5126
559218 5127
1227174 5128
405474 5129
97058 5130
1210416 5131
1602366 5132
1414756 5133
454561 5134
859708 5135
982906 5136
1238350 5137
943430 5138
458290 5139
565415 5140
257281 5141
1585396 5142
52582 5143
1317394 5144
658246 5145
1615891 5146
254480 5147
21244 5148
1370758 5149
1001795 5150
1610115 5151
1122932 5152
1466091 5153
650226 5154
1287856 5155
870446 5156
754745 5157
1454884 5158
1206528 5159
182140 5160
772882 5161
609031 5162
264361 5163
255284 5164
1225105 5165
1225107 5166
1067628 5167
71164 5168
945020 5169
280448 5170
112859 5171
306043 5172
1315727 5173
1046007 5174
331213 5175
1363291 5176
1363567 5177
583206 5178
472588 5179
522290 5180
842613 5181
1292765 5182
958497 5183
364055 5184
1532643 5185
1426844 5186
814479 5187
1688853 5188
1114391 5189
600204 5190
1689100 5191
196985 5192
913429 5193
1344370 5194
876153 5195
1219296 5196
256703 5197
1243344 5198
1065664 5199
1685361 5200
1419840 5201
444509 5202
1120790 5203
946700 5204
286128 5205
1693901 5206
535844 5207
1245595 5208
223360 5209
1586401 5210
625966 5211
977514 5212
1489313 5213
1489314 5214
603575 5215
513899 5216
711092 5217
1634840 5218
877606 5219
1153055 5220
1696340 5221
1202784 5222
1235694 5223
973182 5224
1230351 5225
1565893 5226
1018631 5227
1230355 5228
1220692 5229
1070228 5230
1695531 5231
1001302 5232
1528149 5233
1577030 5234
329772 5235
1224194 5236
98558 5237
1283833 5238
204591 5239
315584 5240
1654191 5241
985248 5242
942131 5243
290823 5244
1133706 5245
1442809 5246
1472126 5247
1603647 5248
134943 5249
619997 5250
678537 5251
974865 5252
1297472 5253
1508906 5254
870386 5255
314183 5256
655509 5257
915131 5258
1129762 5259
418725 5260
128764 5261
1098660 5262
1208983 5263
122586 5264
248307 5265
1079108 5266
1053564 5267
763579 5268
1263694 5269
537699 5270
1166864 5271
836752 5272
892632 5273
1365436 5274
920978 5275
176085 5276
967492 5277
1167406 5278
721196 5279
1362807 5280
1314629 5281
1463291 5282
1090471 5283
545214 5284
1293157 5285
1481566 5286
15482 5287
1159629 5288
524956 5289
590362 5290
1308243 5291
302163 5292
1438620 5293
607060 5294
1141215 5295
606331 5296
993965 5297
192862 5298
1336062 5299
1068376 5300
934040 5301
1418874 5302
1094374 5303
946938 5304
848753 5305
440871 5306
950654 5307
91085 5308
953653 5309
1334934 5310
852077 5311
1123140 5312
854898 5313
51036 5314
907237 5315
803299 5316
1694566 5317
593601 5318
1192623 5319
660904 5320
244218 5321
425489 5322
1094884 5323
1473 5324
494407 5325
1277567 5326
318652 5327
1271748 5328
1458648 5329
861837 5330
1271745 5331
1171994 5332
1550890 5333
691956 5334
501037 5335
260933 5336
1416080 5337
340643 5338
55680 5339
1246296 5340
1454786 5341
409363 5342
1093530 5343
1536629 5344
1693047 5345
1298566 5346
28047 5347
383637 5348
413531 5349
670264 5350
1585403 5351
1165717 5352
1415426 5353
853030 5354
297310 5355
1282534 5356
682032 5357
93959 5358
1646971 5359
795068 5360
1416553 5361
327207 5362
813099 5363
898463 5364
223116 5365
124650 5366
1605028 5367
820098 5368
235865 5369
184835 5370
1179509 5371
1353891 5372
1692317 5373
749190 5374
1456977 5375
1679342 5376
851711 5377
293813 5378
1574568 5379
1242101 5380
408547 5381
1534105 5382
219103 5383
329543 5384
106051 5385
1195852 5386
1405157 5387
522921 5388
1076681 5389
230212 5390
479176 5391
694498 5392
369375 5393
751902 5394
1449961 5395
44106 5396
549811 5397
251981 5398
1314473 5399
662357 5400
1266430 5401
1237293 5402
1609821 5403
855168 5404
1304554 5405
87644 5406
1400532 5407
641845 5408
863523 5409
857831 5410
23137 5411
375112 5412
503047 5413
940722 5414
1620681 5415
475707 5416
1244192 5417
1488399 5418
1137527 5419
1044774 5420
1362632 5421
1237437 5422
862348 5423
398091 5424
1232400 5425
76302 5426
639393 5427
1652486 5428
924190 5429
545002 5430
971975 5431
1135602 5432
1496968 5433
580088 5434
834294 5435
1602281 5436
373343 5437
127167 5438
593018 5439
1377426 5440
1519837 5441
383998 5442
22515 5443
1711363 5444
6556 5445
1194157 5446
1632584 5447
165466 5448
861645 5449
524414 5450
1285419 5451
273054 5452
545473 5453
567248 5454
1253738 5455
404937 5456
579739 5457
1264199 5458
625411 5459
1584726 5460
96062 5461
1577506 5462
56740 5463
98572 5464
1073771 5465
1697853 5466
880243 5467
1089354 5468
235659 5469
1114827 5470
562991 5471
149059 5472
359639 5473
1319918 5474
602681 5475
101414 5476
1110012 5477
1474854 5478
194754 5479
1411281 5480
1457965 5481
1623701 5482
1136085 5483
766079 5484
1022970 5485
80510 5486
173576 5487
139869 5488
1536877 5489
1042454 5490
1252465 5491
1122686 5492
2605 5493
204312 5494
1326584 5495
1222676 5496
689855 5497
454627 5498
328009 5499
7379 5500
1580429 5501
972309 5502
1205590 5503
1697571 5504
742806 5505
535250 5506
33410 5507
943601 5508
1163506 5509
1163505 5510
743601 5511
290151 5512
1017399 5513
1234498 5514
1167467 5515
922841 5516
786975 5517
29099 5518
1674045 5519
1298342 5520
37716 5521
593102 5522
1581469 5523
667453 5524
1308320 5525
164496 5526
759696 5527
1091322 5528
1552586 5529
66328 5530
1531524 5531
466139 5532
920333 5533
590977 5534
414762 5535
457390 5536
843037 5537
1106112 5538
267140 5539
987091 5540
565650 5541
961662 5542
1589698 5543
1372157 5544
353581 5545
4091 5546
746929 5547
1299900 5548
974309 5549
1200741 5550
1673060 5551
990944 5552
590024 5553
1027907 5554
110418 5555
999323 5556
722944 5557
696278 5558
1641583 5559
1040191 5560
1401383 5561
852012 5562
417071 5563
177899 5564
260918 5565
490192 5566
245248 5567
1015137 5568
708942 5569
1634532 5570
1193116 5571
177768 5572
1313181 5573
1231549 5574
1180472 5575
1168053 5576
1238398 5577
908286 5578
117396 5579
19875 5580
1185537 5581
816557 5582
1247895 5583
535067 5584
1317602 5585
186983 5586
839386 5587
1157526 5588
890427 5589
658202 5590
1210929 5591
415550 5592
358464 5593
714361 5594
1339132 5595
428700 5596
1558527 5597
1636246 5598
341132 5599
1340638 5600
633289 5601
633282 5602
1547128 5603
317336 5604
818304 5605
62589 5606
5135 5607
346910 5608
570401 5609
1598059 5610
753786 5611
753034 5612
1300329 5613
1128593 5614
1297332 5615
285439 5616
71124 5617
1274402 5618
1658278 5619
306006 5620
598827 5621
446739 5622
1273990 5623
1113035 5624
1610847 5625
264580 5626
1511998 5627
725412 5628
1373512 5629
1631972 5630
917548 5631
796845 5632
1101868 5633
803622 5634
164113 5635
1208293 5636
744277 5637
196396 5638
1417762 5639
34383 5640
1191030 5641
208772 5642
1052249 5643
1425613 5644
1292903 5645
1490500 5646
399305 5647
1188840 5648
229837 5649
1370150 5650
316327 5651
848238 5652
111738 5653
564929 5654
1373164 5655
187004 5656
896677 5657
1496908 5658
1154266 5659
1236091 5660
1278154 5661
261632 5662
1544605 5663
1213477 5664
692214 5665
837712 5666
287388 5667
1677373 5668
1464545 5669
1630964 5670
1630965 5671
317943 5672
299591 5673
1060142 5674
342970 5675
680028 5676
98379 5677
1101482 5678
1101480 5679
1210025 5680
1225966 5681
428090 5682
1204333 5683
1575258 5684
282448 5685
1285127 5686
825341 5687
337750 5688
369940 5689
366796 5690
55986 5691
972816 5692
1412608 5693
1604235 5694
1059536 5695
862816 5696
697330 5697
1442843 5698
1316219 5699
1395236 5700
877315 5701
602917 5702
1508765 5703
64342 5704
81919 5705
429618 5706
1175068 5707
451144 5708
927155 5709
99354 5710
117236 5711
842229 5712
97356 5713
947741 5714
1163690 5715
947744 5716
997080 5717
1351967 5718
1437794 5719
418184 5720
627480 5721
1275679 5722
672945 5723
1159992 5724
152754 5725
831945 5726
781556 5727
123662 5728
1505657 5729
1063794 5730
113807 5731
1262655 5732
892493 5733
801397 5734
313497 5735
1387981 5736
708498 5737
940244 5738
315631 5739
346464 5740
159797 5741
347228 5742
347221 5743
1638969 5744
338295 5745
609601 5746
1297292 5747
677684 5748
995124 5749
1080177 5750
1386630 5751
268696 5752
864216 5753
1067299 5754
1068334 5755
502037 5756
1526948 5757
394219 5758
252304 5759
348814 5760
1669258 5761
660522 5762
289979 5763
585805 5764
1112442 5765
1486807 5766
51565 5767
1513344 5768
596334 5769
1501379 5770
460364 5771
1313319 5772
1391438 5773
612529 5774
1316023 5775
319341 5776
1459627 5777
1358354 5778
1692213 5779
1215207 5780
921067 5781
763816 5782
1047128 5783
457515 5784
1204259 5785
452932 5786
1403871 5787
491851 5788
1536668 5789
366679 5790
1312309 5791
829322 5792
1011193 5793
1004345 5794
1374180 5795
889673 5796
335860 5797
989077 5798
989079 5799
956266 5800
671575 5801
96747 5802
797071 5803
336366 5804
476647 5805
617327 5806
991481 5807
831193 5808
77739 5809
354157 5810
1253672 5811
899388 5812
657420 5813
1647738 5814
1660785 5815
482868 5816
1642541 5817
393921 5818
1537829 5819
570790 5820
605721 5821
550683 5822
329052 5823
299213 5824
920817 5825
1614789 5826
1355989 5827
919673 5828
1234621 5829
244613 5830
1162807 5831
1563124 5832
875255 5833
479609 5834
1568275 5835
1565358 5836
33335 5837
112291 5838
349811 5839
143853 5840
352417 5841
613498 5842
1353275 5843
345670 5844
1142274 5845
1081901 5846
1271209 5847
1527226 5848
222273 5849
297713 5850
1566951 5851
1385911 5852
766854 5853
71101 5854
1581783 5855
1362456 5856
778359 5857
1312688 5858
931565 5859
822186 5860
1691075 5861
1189110 5862
159672 5863
1236705 5864
333707 5865
148802 5866
1320619 5867
1362674 5868
848216 5869
1421354 5870
144448 5871
1192062 5872
1270152 5873
1160402 5874
1697057 5875
1278138 5876
1208813 5877
815366 5878
1616925 5879
341974 5880
355143 5881
819721 5882
1407101 5883
77507 5884
1711415 5885
1626721 5886
980582 5887
603510 5888
1328876 5889
1698040 5890
32410 5891
62523 5892
1285459 5893
1050649 5894
450984 5895
1696448 5896
292375 5897
478823 5898
329889 5899
337773 5900
1321134 5901
1322728 5902
474911 5903
1492002 5904
90979 5905
522752 5906
915991 5907
125809 5908
1430513 5909
1689565 5910
82262 5911
1210006 5912
27334 5913
1093100 5914
1478940 5915
1097754 5916
1033794 5917
682154 5918
1442471 5919
647830 5920
1681409 5921
1575565 5922
795764 5923
1585253 5924
17210 5925
458510 5926
951900 5927
1694244 5928
841539 5929
581954 5930
800604 5931
845626 5932
1275655 5933
892925 5934
1134231 5935
1298655 5936
1264772 5937
1365459 5938
333602 5939
1562409 5940
1654284 5941
9074 5942
367991 5943
44289 5944
244654 5945
226160 5946
1424165 5947
1377887 5948
1377886 5949
1125990 5950
1222637 5951
621637 5952
884122 5953
1507567 5954
621989 5955
1091360 5956
133568 5957
327828 5958
226293 5959
268105 5960
1407951 5961
76662 5962
1053416 5963
1101124 5964
470117 5965
1417972 5966
941318 5967
1333073 5968
447556 5969
1369400 5970
350142 5971
37824 5972
1283222 5973
256164 5974
76595 5975
1664543 5976
1186693 5977
1186871 5978
1619061 5979
1239559 5980
902528 5981
31411 5982
599143 5983
1398390 5984
1240232 5985
1580193 5986
1312891 5987
1343982 5988
267109 5989
862445 5990
1170086 5991
770069 5992
995580 5993
1330528 5994
684063 5995
843926 5996
681011 5997
1193489 5998
963880 5999
92225 6000
445955 6001
1230988 6002
716937 6003
223248 6004
1210491 6005
838831 6006
835515 6007
1381873 6008
1325153 6009
10845 6010
1306735 6011
1112311 6012
145652 6013
903291 6014
154751 6015
468640 6016
1515776 6017
335846 6018
784794 6019
1618085 6020
75573 6021
124811 6022
741345 6023
649967 6024
498906 6025
498905 6026
1275794 6027
308770 6028
679748 6029
573103 6030
623441 6031
1290092 6032
1191559 6033
521948 6034
1059705 6035
902368 6036
508889 6037
1331204 6038
1285901 6039
488999 6040
171098 6041
1368334 6042
819887 6043
477130 6044
1472751 6045
708752 6046
659112 6047
427641 6048
1263750 6049
1670532 6050
87335 6051
304858 6052
1361579 6053
501456 6054
210363 6055
865915 6056
96049 6057
1207252 6058
808243 6059
169659 6060
785309 6061
710031 6062
196603 6063
123598 6064
275970 6065
1250627 6066
368197 6067
536950 6068
1139568 6069
72789 6070
1363300 6071
109367 6072
1189138 6073
663061 6074
238934 6075
1674631 6076
333729 6077
1314497 6078
901850 6079
620397 6080
1270137 6081
437537 6082
1154229 6083
107356 6084
634044 6085
1153927 6086
1671818 6087
1313742 6088
1533516 6089
786654 6090
239883 6091
505902 6092
353401 6093
526671 6094
1218033 6095
912774 6096
1383825 6097
1270688 6098
1485835 6099
1270687 6100
941432 6101
672295 6102
280804 6103
1673369 6104
594794 6105
106591 6106
117903 6107
100293 6108
1572880 6109
1288997 6110
1649527 6111
616793 6112
840803 6113
1008154 6114
704909 6115
1361358 6116
1261026 6117
1632691 6118
1458764 6119
594576 6120
839408 6121
1519230 6122
130198 6123
420351 6124
1015544 6125
78989 6126
340167 6127
1670858 6128
697976 6129
1339349 6130
649750 6131
1535587 6132
309074 6133
153576 6134
1070800 6135
314109 6136
892263 6137
1694267 6138
139373 6139
627118 6140
1163303 6141
972412 6142
1298679 6143
690527 6144
714462 6145
1049549 6146
33120 6147
105248 6148
1301805 6149
349377 6150
1507763 6151
1431067 6152
906858 6153
157269 6154
452459 6155
1595850 6156
1500265 6157
1555062 6158
884458 6159
690666 6160
698479 6161
291000 6162
793133 6163
796947 6164
2931 6165
1251261 6166
1453145 6167
1042188 6168
496436 6169
219771 6170
837558 6171
756747 6172
23415 6173
700590 6174
474378 6175
1053472 6176
474375 6177
1696647 6178
1228142 6179
234937 6180
280328 6181
584130 6182
1653164 6183
761680 6184
710192 6185
1641999 6186
1046294 6187
1432023 6188
1263562 6189
1673084 6190
1673085 6191
758580 6192
1430089 6193
913362 6194
803213 6195
614439 6196
1535001 6197
417321 6198
290712 6199
1271436 6200
728191 6201
771242 6202
349263 6203
1215022 6204
795492 6205
126442 6206
1246743 6207
253058 6208
1701941 6209
1255173 6210
983260 6211
929239 6212
1486596 6213
961977 6214
834113 6215
667033 6216
1383696 6217
1518087 6218
933756 6219
625869 6220
1015155 6221
1586017 6222
262965 6223
97992 6224
1708361 6225
1250180 6226
1510655 6227
193584 6228
189120 6229
1646565 6230
1711047 6231
315079 6232
1273362 6233
1677708 6234
575546 6235
1602033 6236
1351418 6237
1153135 6238
1079107 6239
1354165 6240
498923 6241
1369029 6242
556940 6243
1283601 6244
201115 6245
579638 6246
1533097 6247
1283608 6248
861162 6249
276949 6250
94329 6251
716754 6252
1086146 6253
1027212 6254
1124532 6255
1455534 6256
833937 6257
1180416 6258
1483614 6259
1191200 6260
1474918 6261
1183494 6262
1315996 6263
1408245 6264
1310318 6265
439870 6266
766482 6267
1357850 6268
810931 6269
657179 6270
875211 6271
1562614 6272
1488092 6273
1216110 6274
143818 6275
1273971 6276
1556501 6277
850152 6278
597891 6279
467143 6280
1164150 6281
1263297 6282
947994 6283
1139766 6284
1213090 6285
1213094 6286
413339 6287
384147 6288
1408656 6289
564049 6290
805174 6291
936633 6292
737968 6293
1262571 6294
538394 6295
33660 6296
1652777 6297
1043461 6298
298660 6299
159630 6300
275190 6301
243688 6302
574116 6303
1130813 6304
1345660 6305
1021215 6306
312097 6307
1505421 6308
596050 6309
596053 6310
68361 6311
1606785 6312
1350737 6313
245683 6314
1117846 6315
765867 6316
1283383 6317
730345 6318
151046 6319
1176363 6320
268445 6321
1192837 6322
1192836 6323
1208853 6324
487194 6325
924912 6326
867647 6327
912933 6328
1700138 6329
988796 6330
925537 6331
1328838 6332
