1000
4098 684 409951
2379 969 960243
6148 764 105248
4037 798 44769
4103 28 1041949
2056 695 221617
1708 484 1384051
4110 480 460757
15 270 695849
2064 716 1353423
2065 459 1629949
4117 258 61284
23 501 51847
2072 982 218189
25 231 349031
2074 490 668327
27 999 566365
2078 404 116904
2079 592 1482551
32 350 24886
33 120 1134275
4130 141 1642594
35 996 1660602
37 593 1357528
6182 989 584130
40 417 901318
6185 430 710192
1364 874 576993
6151 455 1507763
2093 254 1588951
1582 704 319772
47 536 81758
2098 906 1678932
4149 653 1412841
4150 158 346040
4151 178 3448
6200 971 1271436
6208 981 253058
66 917 58216
68 217 1508873
4165 23 1326361
353 951 1241125
76 507 892255
6222 678 1586017
4175 643 126576
81 234 530629
86 488 1108138
4183 953 954685
4185 244 1681352
2139 396 136577
6236 517 1602033
4913 831 475309
2142 268 803611
357 949 1352903
6240 273 1354165
4194 27 112773
6243 573 556940
2148 813 1181500
102 302 947646
6250 199 276949
4203 759 33044
4205 216 32882
5480 482 1411281
114 646 1094829
6263 707 1315996
4216 380 1448834
703 771 8311
6270 224 657179
6271 575 875211
2176 320 816354
6273 409 1488092
6274 640 1216110
2180 61 1602127
4229 105 448755
6278 416 850152
135 171 1195564
4232 222 457720
6282 655 1263297
141 176 736792
142 675 852454
6287 53 413339
145 992 715677
5827 552 1355989
4244 319 467759
5665 464 692214
150 547 1474661
151 313 536112
2202 438 1196848
5487 983 173576
6279 360 597891
4253 376 1035235
1369 793 498746
2209 310 62923
162 457 1681856
4259 104 1206348
4262 850 860098
6313 369 1350737
2218 321 340466
173 671 1528488
174 140 402590
176 163 621004
6323 57 1192836
6328 223 912933
2233 245 360227
6331 901 925537
189 890 1397558
4287 645 1323380
192 631 346381
194 711 1617018
4293 355 1183963
4296 128 216985
2252 193 483172
205 539 751707
2254 634 1596650
207 306 394601
2256 101 440081
376 913 1205225
2260 414 1661580
2261 773 1104146
2263 720 433517
2264 864 505871
217 641 823618
219 700 1430009
378 372 130233
2271 557 507585
2274 29 961389
4323 294 498155
228 391 1155139
2277 682 1358747
230 696 1417107
4327 103 1258016
235 623 691011
2286 80 1502963
240 585 151979
2627 648 961025
2292 131 881597
4478 450 563985
2294 12 594441
41 647 1441217
4347 497 1120801
2302 606 1550332
3797 513 1317753
257 543 975484
259 291 1395812
263 726 313770
486 976 158347
2316 300 563175
4367 18 327286
274 317 1614463
2324 502 1058204
2326 43 2724
1753 11 1642231
280 181 917885
2331 842 884610
4383 839 337384
2340 934 1466865
294 880 477349
4391 830 911982
296 82 671969
4395 676 1627857
300 740 1123279
304 45 472485
2353 261 694484
306 255 1592099
2356 923 849353
4407 977 738704
313 37 351115
2362 887 715297
316 228 1208462
2366 373 599423
4415 738 838585
320 713 1162707
2370 86 1664181
4419 359 67924
4425 157 516539
330 73 1182888
3127 230 1477443
332 652 1701985
2384 118 678827
4435 489 1359089
4437 207 1602692
3421 936 1313978
2392 649 680583
345 188 1611552
4442 795 1549758
5808 770 831193
2399 423 793779
352 200 615706
4353 817 1301193
4308 668 224197
4453 598 287758
2406 858 1518136
360 690 852619
4458 897 1519130
1767 950 1299440
364 772 1525073
2413 807 1043073
366 89 1462553
4464 130 481484
2419 308 1195296
2423 206 1252057
2424 243 315207
4474 267 1595201
4476 721 101807
381 836 581418
2430 263 520890
1088 495 1609188
4482 64 1480136
4483 527 1114084
5673 975 299591
4487 899 1397603
1445 919 872296
2444 829 650356
4493 160 860707
398 537 422430
1384 751 1510201
2458 666 1548289
411 297 1431361
5401 884 1266430
420 444 798750
2472 129 983380
5516 909 922841
427 846 395689
2476 483 208486
4526 119 1420379
4527 693 89515
433 407 946857
4530 559 343683
2484 834 614822
5534 533 590977
2490 785 30733
2491 65 1318358
4935 979 1222711
451 424 1479300
2502 309 1710741
2505 342 593929
2506 432 1666918
459 991 1150982
2508 669 144824
4856 30 903328
467 657 1190299
472 63 494960
4569 347 443906
2522 249 527984
1103 753 821695
479 378 286580
4576 395 327376
481 967 1248397
485 189 754609
4582 613 1654937
2535 413 904101
4584 260 303793
490 973 1519708
4587 172 534703
2210 935 401156
2543 554 1493516
497 878 313752
2547 149 563150
502 55 309094
2551 352 1092309
2552 394 26221
2554 113 1397109
508 522 265578
246 853 559642
4610 79 1177356
517 115 133520
4614 520 939118
769 584 1548705
520 768 1042127
2569 941 232317
2571 190 1605052
525 303 1310144
526 998 1124245
528 46 1467443
530 732 707872
4629 638 912169
4630 16 537131
538 691 380095
2587 988 186056
540 398 1578273
544 679 857955
2593 52 1417889
4643 387 507536
4644 201 852540
3846 579 394132
5201 755 1419840
2481 719 79160
2600 737 471446
4649 758 589353
4650 943 1342815
4651 525 1393456
556 784 341873
434 698 672112
2606 663 394694
560 472 1385381
562 727 66238
2610 760 520459
6238 168 1153135
4532 869 250187
571 474 189630
2620 882 127133
1802 307 123607
2625 918 1486156
4675 5 1530234
580 535 1690809
3169 443 966332
780 322 1135357
2634 124 1313253
2636 891 834808
594 673 449597
599 348 1136758
2649 345 715709
4699 757 1180968
4700 177 906063
2653 930 1143540
4705 202 586213
4707 357 432900
2660 496 488821
615 702 656828
4713 516 661776
2666 865 618897
4715 24 508845
4044 399 512114
2670 752 745116
2671 958 873153
624 9 485320
3518 835 1451907
630 491 1163405
2680 232 1459988
2681 213 1183501
1794 610 368244
4733 138 1228844
3090 914 1492783
2698 819 1433340
652 40 991998
3295 786 905962
4752 859 340355
2711 381 1318331
5614 852 1128593
4762 114 1152655
667 364 1372037
1045 827 567385
673 947 411298
674 493 122208
2724 330 606364
4774 714 889763
2844 697 729919
4779 233 1492171
2733 478 284852
5917 931 1033794
4786 743 710980
691 677 1394767
4789 338 806921
4553 619 162669
2751 287 1190699
4800 542 280339
2754 144 1660820
279 990 1494498
713 448 180107
714 6 1018059
2765 145 250089
2766 311 985377
2768 456 359143
2769 791 315435
4818 85 48148
4820 849 1005823
4823 269 265736
4824 504 1615628
1996 938 611622
2783 35 75506
2785 601 36401
4836 154 629715
4838 636 1134122
2792 512 1424597
4843 476 255015
4846 968 1665438
808 612 1095798
2802 739 83529
2515 942 1034929
4853 832 1151223
759 142 668675
1730 240 1107344
2809 358 800461
4858 633 782620
763 485 289135
1834 508 132465
767 186 1524172
128 511 1190313
2821 299 338893
3201 570 319395
2824 479 1128705
4876 147 304799
2829 733 212074
2832 453 1311494
785 71 879126
2835 608 437505
788 295 1052346
2862 889 1673100
1731 581 84877
791 218 771796
796 36 1237735
4570 617 1251640
2181 164 1447829
800 272 851052
2850 238 1030949
4899 327 1093576
807 515 183642
2856 225 1626737
810 143 793575
811 203 1448293
4908 235 473271
4909 912 1475683
4910 349 98299
2863 127 1571540
368 470 687570
2073 629 1391203
822 25 258252
823 861 11262
825 765 373517
4922 452 554307
4926 389 1647557
2881 818 559618
2882 159 205163
4934 541 661793
839 796 824173
841 229 514564
1119 688 33930
4939 125 1380818
845 577 680834
2895 305 1365197
4946 961 472652
4948 986 597445
4950 461 365704
858 845 436334
143 667 551646
4958 492 549783
4581 437 1382662
864 481 1674122
1851 100 1316505
869 750 63297
4967 762 883557
4598 609 892549
877 565 459547
2927 175 1389061
4976 442 413001
2878 506 1430500
4982 371 1487308
5485 670 1022970
4991 108 968940
4994 814 1711326
2947 19 864864
4996 333 717014
2198 876 1225835
4999 972 905557
904 26 547272
906 952 1209903
909 892 374537
2958 724 1641617
2959 15 1699134
5707 789 1175068
2965 672 1694737
921 210 1465163
5020 92 973475
154 473 879399
2974 524 286963
3577 458 1360187
2983 150 1032133
2984 276 150405
2985 708 1021782
939 298 73972
946 534 978220
2995 605 486607
6169 749 496436
950 465 22157
5048 98 1213620
1524 838 759996
3004 286 320075
5681 993 1225966
5054 689 1151697
3008 126 1190149
3009 239 128499
3013 191 1035483
4257 377 947314
5067 284 34400
5068 596 92403
5069 705 437360
1328 571 307793
3024 277 220980
3025 637 1466115
3026 809 1050833
6307 589 312097
3715 821 884298
983 3 1664164
3033 781 459666
986 4 1495871
5083 211 1245926
506 662 167246
1193 825 141981
992 735 332117
995 446 260162
5092 422 312769
997 626 482502
999 242 761664
3049 367 524805
5099 288 1426076
3053 879 689006
5102 379 100803
3055 621 1233521
1009 192 935443
3058 660 1505434
5110 920 418403
3063 75 1119328
3064 851 365391
5113 226 284847
3066 734 335084
1019 265 1279782
3069 868 275219
784 528 1606441
1026 568 1541372
3076 329 416503
3926 844 1476017
3079 500 324799
3081 840 1348360
5137 955 1238350
1603 866 1041743
5139 421 458290
1044 325 796272
4270 639 1063017
5142 148 1585396
3095 156 970707
3096 603 1155169
3099 556 1685200
1053 122 25329
1054 21 1113489
5153 135 1466091
1059 410 452131
5156 816 870446
1064 38 469596
5163 531 264361
3116 289 687754
3117 363 1540309
4400 555 530463
5168 811 71164
5423 722 862348
3122 110 1694273
1075 854 836656
1079 14 967518
1080 576 63762
3130 74 990069
1085 521 1189845
5184 151 364055
1089 281 152746
1093 328 1551702
1094 62 485947
1097 400 1619666
5195 78 876153
5197 656 256703
2573 611 1129189
5200 184 1685361
3153 370 324406
3154 790 443603
5203 558 1120790
5205 886 286128
1110 815 945794
5210 250 1586401
5211 627 625966
1116 434 164261
5213 415 1489313
5214 301 1489314
3167 572 1386684
2189 860 654914
5217 197 711092
3170 775 849071
1123 588 282863
5220 343 1153055
1128 439 1031844
1129 658 1490144
3180 137 175092
5229 706 1220692
3183 893 434358
3184 635 185321
1137 353 1026995
3190 283 1536204
1145 219 1697851
1146 843 853883
5245 514 1133706
5249 278 134943
3203 88 1698400
5258 532 915131
5259 109 1129762
1173 911 1285691
1174 683 350794
3224 123 650925
5927 995 951900
197 362 1385429
1185 180 1636302
5282 20 1463291
3040 945 1276999
5287 384 15482
5288 628 1159629
3241 467 1636231
5291 477 1308243
3246 624 1709578
5359 875 1646971
5298 392 192862
5299 748 1336062
2154 687 771311
3273 985 1224714
3257 746 1536786
3260 925 875774
5309 315 953653
3262 471 1675027
5314 469 51036
3267 824 1356159
5318 179 593601
4641 70 1428169
5320 241 660904
4300 957 692221
5323 83 1094884
1570 701 961812
5326 33 1277567
2253 594 126032
1232 926 919683
1233 956 548736
1234 354 692350
1235 928 1661661
1236 405 531994
5668 974 1677373
5338 741 340643
1243 468 1382860
5340 102 1246296
2597 620 57816
5344 717 1536629
3297 654 1022489
1252 90 388033
4646 837 1107495
5350 304 670264
3303 351 1405609
3282 651 63205
1917 848 1067617
5361 385 1416553
4202 966 1465334
1271 823 727995
5368 964 820098
3284 445 1125800
5371 266 1179509
3324 335 1266065
1277 87 702322
3328 650 1478158
3627 896 1012082
2907 871 1300141
215 940 32866
3340 756 1691972
3341 806 936893
3344 725 956355
1297 198 764795
4995 454 1303205
5397 339 549811
1303 51 1483296
900 428 1080180
1306 980 853783
5403 855 1609821
3356 106 1392670
1309 34 1422206
1311 833 713321
5412 802 375112
3367 820 85609
3368 220 1382450
3370 910 1397775
1323 549 211618
5420 54 1044774
1325 411 884201
3375 170 911316
5424 334 398091
3377 797 570554
5427 259 639393
3381 523 36785
3383 731 151695
1336 841 379214
1339 681 1326848
1346 337 1361747
5443 680 22515
3396 285 604348
3250 505 669786
2232 978 857056
1362 774 475161
5460 76 1584726
5461 139 96062
4324 729 900715
5466 429 1697853
3419 898 750835
3642 873 296726
3422 475 638750
4325 744 590655
2619 590 158060
1380 318 1181918
820 776 609130
3432 183 60937
3433 630 317898
5482 905 1623701
3435 383 1283586
1388 169 1425401
3437 665 460446
4669 870 1609546
1392 703 468895
1393 2 378139
1394 550 508087
3443 117 464584
1396 529 631328
3447 275 677192
3451 615 1636520
3458 182 459840
5507 427 33410
5508 460 943601
5639 787 1417762
1420 402 327432
1422 548 680197
1423 625 581823
4139 466 984253
2969 49 1393991
1430 546 4472
5527 204 759696
1434 710 251750
6117 863 1261026
5532 742 466139
3486 95 247087
5537 826 843037
3493 205 1076232
3494 441 774901
3496 397 95198
5546 463 4091
3499 215 1660152
5548 903 1299900
1003 39 1067072
1456 486 236709
5553 209 590024
1460 426 607955
1462 715 1642689
585 622 1060021
3514 436 782518
1467 885 456916
5566 208 490192
1611 366 1345302
1477 8 335392
3527 111 1700458
3528 544 1123051
1486 747 553447
3535 921 1518994
3538 810 1428898
1492 828 1044298
1494 922 598303
1496 96 1493817
1497 587 225071
3547 58 1611953
5597 81 1558527
391 900 1066379
3558 167 72503
1517 173 1622681
1518 292 899102
3567 659 247653
2124 902 371063
5620 356 306006
1529 132 1393724
3579 519 1453528
3580 408 150123
3581 344 1107595
1539 419 290874
5575 368 1180472
2305 745 1273668
3592 895 406833
3595 91 1592624
3597 116 479801
1552 970 659000
3603 801 1512041
5652 661 848238
1562 393 808139
5663 916 1544605
3617 256 39624
3618 69 1398240
1572 924 76563
5669 44 1464545
5671 644 1630965
3625 264 550487
1579 800 1621306
5678 152 1101482
1584 847 590307
1585 574 144535
1212 994 386789
5686 7 1285127
3639 761 1485698
1594 13 1059869
3643 133 271617
3644 754 1323898
1602 962 1037347
3651 60 593761
5700 293 1395236
5701 730 877315
5704 856 64342
3659 155 261070
3664 326 1377068
5713 562 97356
611 699 1446934
5716 374 947744
1627 136 594425
6074 1 663061
3679 894 877770
3682 567 82379
3683 388 309143
3685 447 1289082
3686 530 1188492
1639 47 99202
3689 510 925826
5735 566 313497
1644 694 1134470
3693 401 1106564
1650 526 683198
3347 591 1168100
4624 602 496186
3705 314 6245
1659 22 1444759
5756 312 502037
5758 412 394219
1664 185 534059
5762 881 660522
2667 262 1554380
278 674 160275
5770 804 1501379
3723 331 160030
1676 580 1281831
5741 561 159797
2328 94 1421819
5778 595 1358354
1686 712 143779
3193 449 1279990
3736 274 1628317
4036 799 783985
3739 692 1307947
3740 31 526971
3742 390 1584748
1695 736 1022461
4720 97 871463
3057 431 388783
1701 545 474546
5802 67 96747
3756 246 703996
3760 563 1284590
1714 77 1394518
1651 780 1578923
3764 779 1075792
2439 965 1504261
1721 282 206020
5818 146 393921
1723 66 100176
5823 247 329052
5826 107 1614789
3019 17 1155423
5828 960 919673
1735 948 1082421
1737 72 1348949
5834 194 479609
5835 600 1568275
1740 462 1023214
3789 316 600961
3790 494 1286057
1744 435 874562
1831 937 1231798
3795 959 1528043
1749 214 510117
5849 59 222273
5072 48 1397434
3811 42 1346088
3815 403 262232
5864 616 1236705
1771 195 1421477
3823 599 314551
4392 867 467288
1778 112 769577
3828 607 269665
3830 41 897746
1783 954 1013117
5883 227 1407101
5890 134 1698040
3844 174 258916
5894 361 1050649
2348 984 1196387
5898 323 478823
1833 822 1451595
1807 632 875833
3856 578 1531159
1810 888 901780
5763 433 289979
1814 386 1700687
1816 165 1361472
5914 425 1093100
5915 540 1478940
3034 582 203363
5918 927 682154
3872 808 481478
3873 418 327710
1827 365 1176419
5924 121 1585253
305 728 1068188
4060 162 1233136
5930 236 581954
4813 221 1480219
1843 777 1571403
5942 538 9074
3895 280 277600
1848 766 1445520
1849 336 98185
3899 68 550498
1856 963 1522390
3905 883 1250001
3906 564 323169
3911 805 1002526
1864 782 808745
5772 583 1313319
1868 597 857570
5968 877 1333073
5969 569 447556
747 709 323616
1878 290 1454613
4409 908 1232292
3727 769 268274
3932 783 33381
3934 560 878964
4069 551 585763
3936 857 1507413
5990 10 862445
3729 794 860661
1896 862 37571
5994 987 1330528
1682 939 628626
6001 664 445955
1908 341 14087
1909 498 1345521
6006 767 838831
5097 440 985902
1913 420 1692074
6012 792 1112311
6013 382 145652
1223 618 833104
6016 161 468640
2368 929 1546288
3971 340 1209917
1924 324 1212464
6021 406 75573
3394 56 808684
1938 723 1665899
3065 944 516357
1689 803 1461161
6040 586 488999
3996 499 221062
666 553 814527
3999 614 1238487
4004 509 991220
6053 253 1361579
6054 196 501456
1959 279 402134
1963 99 1602810
1964 257 531004
6062 915 710031
4017 187 1544295
1970 872 663956
1974 166 305423
6073 685 1189138
1978 251 912475
6076 84 1674631
4030 237 1092444
1983 503 396607
4427 32 1170390
3544 93 262244
6085 50 634044
4226 812 634327
4041 904 949506
6092 0 505902
271 375 618398
1699 788 1609850
4053 642 179357
4054 907 697476
4055 252 79092
6105 271 594794
2010 686 622130
6107 212 117903
2012 332 1049089
3505 933 786544
2021 153 432898
6122 296 1519230
2029 248 283246
4080 763 1209762
5619 997 1658278
339 518 66567
2036 932 218382
4086 604 1707622
4777 946 98480
4089 451 1313883
4090 718 1285542
6140 778 627118
4094 487 1299356
2047 346 979483
